# t[Gyr], [Fe/H]_thin.d
1.250000000000000069e-02 -6.453579330573054884e-01
3.750000000000000555e-02 -6.192911829941836199e-01
6.250000000000001388e-02 -6.029904993356656195e-01
8.750000000000000833e-02 -5.903661516455539493e-01
1.125000000000000167e-01 -5.797919513312121964e-01
1.375000000000000389e-01 -5.705584237711310847e-01
1.625000000000000333e-01 -5.622837074705639981e-01
1.875000000000000555e-01 -5.547355714590638254e-01
2.125000000000000500e-01 -5.477608787594208106e-01
2.375000000000000444e-01 -5.412526318638146705e-01
2.625000000000000666e-01 -5.351327427012027016e-01
2.875000000000000888e-01 -5.293422493583266331e-01
3.125000000000000555e-01 -5.238353978021498270e-01
3.375000000000000777e-01 -5.185758769750158370e-01
3.625000000000000999e-01 -5.135343235633850201e-01
3.875000000000000666e-01 -5.086866109489740495e-01
4.125000000000000888e-01 -5.040126416290382494e-01
4.375000000000001110e-01 -4.994954736852378341e-01
4.625000000000000777e-01 -4.951206752470075911e-01
4.875000000000000999e-01 -4.908758384374152239e-01
5.125000000000000666e-01 -4.867502073098638471e-01
5.375000000000000888e-01 -4.827343888306135367e-01
5.625000000000001110e-01 -4.788201254011432706e-01
5.875000000000000222e-01 -4.750001136852919359e-01
6.125000000000000444e-01 -4.712678587611097702e-01
6.375000000000000666e-01 -4.676175555598611200e-01
6.625000000000000888e-01 -4.640439916248056962e-01
6.875000000000001110e-01 -4.605424667018443996e-01
7.125000000000001332e-01 -4.571087257466286968e-01
7.375000000000000444e-01 -4.537389027205269154e-01
7.625000000000000666e-01 -4.504294731335340973e-01
7.875000000000000888e-01 -4.471772137325324969e-01
8.125000000000001110e-01 -4.439791680678022989e-01
8.375000000000001332e-01 -4.408326169272239192e-01
8.625000000000001554e-01 -4.377350528261528262e-01
8.875000000000001776e-01 -4.346841578958847152e-01
9.125000000000000888e-01 -4.316777846354950543e-01
9.375000000000001110e-01 -4.287139390884013856e-01
9.625000000000001332e-01 -4.257907660820364204e-01
9.875000000000001554e-01 -4.229065362308956355e-01
1.012500000000000178e+00 -4.200596344532147586e-01
1.037500000000000089e+00 -4.172485497921674669e-01
1.062500000000000222e+00 -4.144718663656806190e-01
1.087500000000000133e+00 -4.117282552962429065e-01
1.112500000000000266e+00 -4.090164674946092371e-01
1.137500000000000178e+00 -4.063353271899784458e-01
1.162500000000000089e+00 -4.036837261147955824e-01
1.187500000000000222e+00 -4.010606182653501661e-01
1.212500000000000133e+00 -3.984650151702894827e-01
1.237500000000000266e+00 -3.958959816083965633e-01
1.262500000000000178e+00 -3.933526317247965642e-01
1.287500000000000311e+00 -3.908341255014000648e-01
1.312500000000000222e+00 -3.883396655430471078e-01
1.337500000000000133e+00 -3.858684941456652084e-01
1.362500000000000266e+00 -3.834198906169045684e-01
1.387500000000000178e+00 -3.809931688232938152e-01
1.412500000000000311e+00 -3.785876749410425068e-01
1.437500000000000222e+00 -3.762027853902924490e-01
1.462500000000000133e+00 -3.738379049349363492e-01
1.487500000000000266e+00 -3.714924649321392214e-01
1.512500000000000178e+00 -3.691659217174609320e-01
1.537500000000000311e+00 -3.668577551130146053e-01
1.562500000000000222e+00 -3.645674670474455259e-01
1.587500000000000355e+00 -3.622945802777001734e-01
1.612500000000000266e+00 -3.600386372035972449e-01
1.637500000000000178e+00 -3.577991987671347851e-01
1.662500000000000311e+00 -3.555758434292769499e-01
1.687500000000000222e+00 -3.533681662176890170e-01
1.712500000000000355e+00 -3.511757778395248053e-01
1.737500000000000266e+00 -3.489983038539421489e-01
1.762500000000000400e+00 -3.468353838995236749e-01
1.787500000000000311e+00 -3.446866709722385402e-01
1.812500000000000222e+00 -3.425518307499781367e-01
1.837500000000000355e+00 -3.404305409600607013e-01
1.862500000000000266e+00 -3.383224907864307296e-01
1.887500000000000400e+00 -3.362273803135580885e-01
1.912500000000000311e+00 -3.341449200043151713e-01
1.937500000000000222e+00 -3.320748302093349813e-01
1.962500000000000355e+00 -3.300168407055787956e-01
1.987500000000000266e+00 -3.279706902620158626e-01
2.012500000000000622e+00 -3.259361262305117135e-01
2.037500000000000533e+00 -3.239129041601593317e-01
2.062500000000000444e+00 -3.219007874334463004e-01
2.087500000000000799e+00 -3.198995469227674526e-01
2.112500000000000711e+00 -3.179089606659190048e-01
2.137500000000000622e+00 -3.159288135593117941e-01
2.162500000000000533e+00 -3.139588970677418822e-01
2.187500000000000444e+00 -3.119990089496429420e-01
2.212500000000000799e+00 -3.100489529968293856e-01
2.237500000000000711e+00 -3.081085387878085835e-01
2.262500000000000622e+00 -3.061775814538137963e-01
2.287500000000000533e+00 -3.042559014567679521e-01
2.312500000000000444e+00 -3.023433243784462987e-01
2.337500000000000799e+00 -3.004396807201566433e-01
2.362500000000000711e+00 -2.985448057123117893e-01
2.387500000000000622e+00 -2.966585391332975941e-01
2.412500000000000533e+00 -2.947807251370975212e-01
2.437500000000000444e+00 -2.929112120891625426e-01
2.462500000000000799e+00 -2.910498524100486595e-01
2.487500000000000711e+00 -2.891965024263836170e-01
2.512500000000000622e+00 -2.873510222287462557e-01
2.537500000000000533e+00 -2.855132755360739183e-01
2.562500000000000888e+00 -2.836831295662357033e-01
2.587500000000000799e+00 -2.818604549124360537e-01
2.612500000000000711e+00 -2.800451254251281052e-01
2.637500000000000622e+00 -2.782370180991465825e-01
2.662500000000000533e+00 -2.764360129657771892e-01
2.687500000000000888e+00 -2.746419929895050904e-01
2.712500000000000799e+00 -2.728548439691977912e-01
2.737500000000000711e+00 -2.710744544434927072e-01
2.762500000000000622e+00 -2.693007156001724356e-01
2.787500000000000533e+00 -2.675335211893284382e-01
2.812500000000000888e+00 -2.657727674401174633e-01
2.837500000000000799e+00 -2.640183529809375096e-01
2.862500000000000711e+00 -2.622701787628480274e-01
2.887500000000000622e+00 -2.605281479860794835e-01
2.912500000000000533e+00 -2.587921660294802972e-01
2.937500000000000888e+00 -2.570621403827597629e-01
2.962500000000000799e+00 -2.553379805813938419e-01
2.987500000000000711e+00 -2.536195981440670932e-01
3.012500000000000622e+00 -2.519069065125310036e-01
3.037500000000000977e+00 -2.501998209937686402e-01
3.062500000000000888e+00 -2.484982587043550462e-01
3.087500000000000799e+00 -2.468021385169164028e-01
3.112500000000000711e+00 -2.451113810085902567e-01
3.137500000000000622e+00 -2.434259084113969407e-01
3.162500000000000977e+00 -2.417456445644388663e-01
3.187500000000000888e+00 -2.400705148678419221e-01
3.212500000000000799e+00 -2.384004462383670919e-01
3.237500000000000711e+00 -2.367353670666156873e-01
3.262500000000000622e+00 -2.350752071757620243e-01
3.287500000000000977e+00 -2.334198977817444898e-01
3.312500000000000888e+00 -2.317693714548568762e-01
3.337500000000000799e+00 -2.301235620826760364e-01
3.362500000000000711e+00 -2.284824048342730118e-01
3.387500000000000622e+00 -2.268458361256521227e-01
3.412500000000000977e+00 -2.252137935863702256e-01
3.437500000000000888e+00 -2.235862160272820698e-01
3.462500000000000799e+00 -2.219630434093696758e-01
3.487500000000000711e+00 -2.203442168136134360e-01
3.512500000000001066e+00 -2.187296784118576976e-01
3.537500000000000977e+00 -2.171193714386353557e-01
3.562500000000000888e+00 -2.155132401639113793e-01
3.587500000000000799e+00 -2.139112298667096290e-01
3.612500000000000711e+00 -2.123132868095899961e-01
3.637500000000001066e+00 -2.107193582139378907e-01
3.662500000000000977e+00 -2.091293922360408786e-01
3.687500000000000888e+00 -2.075433379439186599e-01
3.712500000000000799e+00 -2.059611452948784671e-01
3.737500000000000711e+00 -2.043827651137666845e-01
3.762500000000001066e+00 -2.028081490718954827e-01
3.787500000000000977e+00 -2.012372496666139376e-01
3.812500000000000888e+00 -1.996700202015012637e-01
3.837500000000000799e+00 -1.981064147671622866e-01
3.862500000000000711e+00 -1.965463882225980674e-01
3.887500000000001066e+00 -1.949898961771352468e-01
3.912500000000000977e+00 -1.934368949728904052e-01
3.937500000000000888e+00 -1.918873416677533417e-01
3.962500000000000799e+00 -1.903411940188682872e-01
3.987500000000001155e+00 -1.887984104665966223e-01
4.012500000000001066e+00 -1.872589501189444450e-01
4.037500000000000533e+00 -1.857227727364367809e-01
4.062500000000000888e+00 -1.841898387174262242e-01
4.087500000000001243e+00 -1.826601090838162467e-01
4.112500000000000711e+00 -1.811335454671920697e-01
4.137500000000001066e+00 -1.796101100953354512e-01
4.162500000000001421e+00 -1.780897657791203903e-01
4.187500000000000888e+00 -1.765724758997690991e-01
4.212500000000001243e+00 -1.750582043964615808e-01
4.237500000000000711e+00 -1.735469157542822716e-01
4.262500000000001066e+00 -1.720385749924976393e-01
4.287500000000001421e+00 -1.705331476531491974e-01
4.312500000000000888e+00 -1.690305997899549384e-01
4.337500000000001243e+00 -1.675308979575065305e-01
4.362500000000000711e+00 -1.660340092007555057e-01
4.387500000000001066e+00 -1.645399010447756716e-01
4.412500000000001421e+00 -1.630485414847977488e-01
4.437500000000000888e+00 -1.615598989765011373e-01
4.462500000000001243e+00 -1.600739424265609223e-01
4.487500000000000711e+00 -1.585906411834381302e-01
4.512500000000001066e+00 -1.571099650284070171e-01
4.537500000000001421e+00 -1.556318841668122843e-01
4.562500000000000888e+00 -1.541563692195474511e-01
4.587500000000001243e+00 -1.526833912147508299e-01
4.612500000000000711e+00 -1.512129215797078929e-01
4.637500000000001066e+00 -1.497449321329576977e-01
4.662500000000001421e+00 -1.482793950765968205e-01
4.687500000000000888e+00 -1.468162829887709186e-01
4.712500000000001243e+00 -1.453555688163528092e-01
4.737500000000000711e+00 -1.438972258678005156e-01
4.762500000000001066e+00 -1.424412278061879533e-01
4.787500000000001421e+00 -1.409875486424043700e-01
4.812500000000000888e+00 -1.395361627285187645e-01
4.837500000000001243e+00 -1.380870447513026233e-01
4.862500000000000711e+00 -1.366401697259076453e-01
4.887500000000001066e+00 -1.351955129896920127e-01
4.912500000000001421e+00 -1.337530501961953222e-01
4.937500000000000888e+00 -1.323127573092507392e-01
4.962500000000001243e+00 -1.308746105972391494e-01
4.987500000000000711e+00 -1.294385866274740948e-01
5.012500000000001066e+00 -1.280046622607168283e-01
5.037500000000001421e+00 -1.265728146458183767e-01
5.062500000000000888e+00 -1.251430212144837295e-01
5.087500000000001243e+00 -1.237152596761562640e-01
5.112500000000001599e+00 -1.222895080130159684e-01
5.137500000000001066e+00 -1.208657444750926846e-01
5.162500000000001421e+00 -1.194439475754877078e-01
5.187500000000000888e+00 -1.180240960857033006e-01
5.212500000000001243e+00 -1.166061690310742360e-01
5.237500000000001599e+00 -1.151901456863025919e-01
5.262500000000001066e+00 -1.137760055710881346e-01
5.287500000000001421e+00 -1.123637284458570695e-01
5.312500000000000888e+00 -1.109532943075829392e-01
5.337500000000001243e+00 -1.095446833856966729e-01
5.362500000000001599e+00 -1.081378761380876741e-01
5.387500000000001066e+00 -1.067328532471885083e-01
5.412500000000001421e+00 -1.053295956161447444e-01
5.437500000000000888e+00 -1.039280843650658426e-01
5.462500000000001243e+00 -1.025283008273552010e-01
5.487500000000001599e+00 -1.011302265461181404e-01
5.512500000000001066e+00 -9.973384327064482857e-02
5.537500000000001421e+00 -9.833913295296781154e-02
5.562500000000000888e+00 -9.694607774448893434e-02
5.587500000000001243e+00 -9.555465999267775956e-02
5.612500000000001599e+00 -9.416486223783882004e-02
5.637500000000001066e+00 -9.277666720994359739e-02
5.662500000000001421e+00 -9.139005782552578339e-02
5.687500000000000888e+00 -9.000501718464504197e-02
5.712500000000001243e+00 -8.862152856790606048e-02
5.737500000000001599e+00 -8.723957543354077249e-02
5.762500000000001066e+00 -8.585914141455053272e-02
5.787500000000001421e+00 -8.448021031590124963e-02
5.812500000000000888e+00 -8.310276611177791484e-02
5.837500000000001243e+00 -8.172679294289220131e-02
5.862500000000001599e+00 -8.035227511384224197e-02
5.887500000000001066e+00 -7.897919709052558801e-02
5.912500000000001421e+00 -7.760754349760257131e-02
5.937500000000000888e+00 -7.623729911600818365e-02
5.962500000000001243e+00 -7.486844888051258362e-02
5.987500000000001599e+00 -7.350097787732889909e-02
6.012500000000001066e+00 -7.213487134176654880e-02
6.037500000000001421e+00 -7.077011465592963901e-02
6.062500000000001776e+00 -6.940669334645921396e-02
6.087500000000001243e+00 -6.804459308231836090e-02
6.112500000000001599e+00 -6.668379967261905961e-02
6.137500000000001066e+00 -6.532429906448922186e-02
6.162500000000001421e+00 -6.396607734098114229e-02
6.187500000000001776e+00 -6.260912071901825193e-02
6.212500000000001243e+00 -6.125341554737762095e-02
6.237500000000001599e+00 -5.989894830471520493e-02
6.262500000000001066e+00 -5.854570559762206639e-02
6.287500000000001421e+00 -5.719367415871823290e-02
6.312500000000001776e+00 -5.584284084478274846e-02
6.337500000000001243e+00 -5.449319263491514409e-02
6.362500000000001599e+00 -5.314471662873254676e-02
6.387500000000001066e+00 -5.179740004459765235e-02
6.412500000000001421e+00 -5.045123021787856210e-02
6.437500000000001776e+00 -4.910619459924170371e-02
6.462500000000001243e+00 -4.776228075297239695e-02
6.487500000000001599e+00 -4.641947635532728267e-02
6.512500000000001066e+00 -4.507776919291506257e-02
6.537500000000001421e+00 -4.373714716110521650e-02
6.562500000000001776e+00 -4.239759826246591867e-02
6.587500000000001243e+00 -4.105911060522748901e-02
6.612500000000001599e+00 -3.972167240177570946e-02
6.637500000000001066e+00 -3.838527196716612355e-02
6.662500000000001421e+00 -3.704989771766864504e-02
6.687500000000001776e+00 -3.571553816933625836e-02
6.712500000000001243e+00 -3.438218193659536848e-02
6.737500000000001599e+00 -3.304981773086290708e-02
6.762500000000001066e+00 -3.171843435918708654e-02
6.787500000000001421e+00 -3.038802072290935907e-02
6.812500000000001776e+00 -2.905856581634991276e-02
6.837500000000001243e+00 -2.773005872551548290e-02
6.862500000000001599e+00 -2.640248862682803566e-02
6.887500000000001954e+00 -2.507584478587543408e-02
6.912500000000001421e+00 -2.375011655618119999e-02
6.937500000000001776e+00 -2.242529337799714639e-02
6.962500000000001243e+00 -2.110136477711366254e-02
6.987500000000001599e+00 -1.977832036369087110e-02
7.012500000000001954e+00 -1.845614983110777096e-02
7.037500000000001421e+00 -1.713484295483047593e-02
7.062500000000001776e+00 -1.581438959129988220e-02
7.087500000000001243e+00 -1.449477967683554525e-02
7.112500000000001599e+00 -1.317600322655754219e-02
7.137500000000001954e+00 -1.185805033332787417e-02
7.162500000000001421e+00 -1.054091116670485828e-02
7.187500000000001776e+00 -9.224575971917392536e-03
7.212500000000001243e+00 -7.909035068853875750e-03
7.237500000000001599e+00 -6.594278851067780778e-03
7.262500000000001954e+00 -5.280297784797660654e-03
7.287500000000001421e+00 -3.967082408004918292e-03
7.312500000000001776e+00 -2.654623329423122513e-03
7.337500000000001243e+00 -1.342911227625753767e-03
7.362500000000001599e+00 -3.193685010538516167e-05
7.387500000000001954e+00 1.278308987631149307e-03
7.412500000000001421e+00 2.587835402954152819e-03
7.437500000000001776e+00 3.896651446989474188e-03
7.462500000000001243e+00 5.204766105482372396e-03
7.487500000000001599e+00 6.512188299649390721e-03
7.512500000000001954e+00 7.818926887016131033e-03
7.537500000000001421e+00 9.124990662243703810e-03
7.562500000000001776e+00 1.043038835794218855e-02
7.587500000000001243e+00 1.173512864547143764e-02
7.612500000000001599e+00 1.303922013573088901e-02
7.637500000000001954e+00 1.434267137993683328e-02
7.662500000000001421e+00 1.564549087038835662e-02
7.687500000000001776e+00 1.694768704122273650e-02
7.712500000000001243e+00 1.824926826915906908e-02
7.737500000000001599e+00 1.955024287423035023e-02
7.762500000000001954e+00 2.085061912050689692e-02
7.787500000000001421e+00 2.215040521680677887e-02
7.812500000000001776e+00 2.344960931739858978e-02
7.837500000000002132e+00 2.474823952269156191e-02
7.862500000000001599e+00 2.604630387991702101e-02
7.887500000000001954e+00 2.734381038380184759e-02
7.912500000000001421e+00 2.864076697722706122e-02
7.937500000000001776e+00 2.993718155188462848e-02
7.962500000000002132e+00 3.123306194891750653e-02
7.987500000000001599e+00 3.252841595955580090e-02
8.012500000000001066e+00 3.382325132574159898e-02
8.037500000000001421e+00 3.511757574074680921e-02
8.062500000000000000e+00 3.641139684977934277e-02
8.087500000000000355e+00 3.770472225058441040e-02
8.112500000000000711e+00 3.899755949403560518e-02
8.137500000000001066e+00 4.028991608471776953e-02
8.162500000000001421e+00 4.158179948150264593e-02
8.187500000000000000e+00 4.287321709811575676e-02
8.212500000000000355e+00 4.416417630369751102e-02
8.237500000000000711e+00 4.545468442335320880e-02
8.262500000000001066e+00 4.674474873869993719e-02
8.287500000000001421e+00 4.803437648840092056e-02
8.312500000000001776e+00 4.932357486869953789e-02
8.337500000000000355e+00 5.061235103393835200e-02
8.362500000000000711e+00 5.190071209707780575e-02
8.387500000000001066e+00 5.318866513020492626e-02
8.412500000000001421e+00 5.447621716503459055e-02
8.437500000000001776e+00 5.576337519340723858e-02
8.462500000000000355e+00 5.705014616777648317e-02
8.487500000000000711e+00 5.833653700169316725e-02
8.512500000000001066e+00 5.962255457028253769e-02
8.537500000000001421e+00 6.090820571071242640e-02
8.562500000000001776e+00 6.219349722266076519e-02
8.587500000000000355e+00 6.347843586877166544e-02
8.612500000000000711e+00 6.476302837510938826e-02
8.637500000000001066e+00 6.604728143160443210e-02
8.662500000000001421e+00 6.733120169249506848e-02
8.687500000000001776e+00 6.861479577676277142e-02
8.712500000000000355e+00 6.989807026856187377e-02
8.737500000000000711e+00 7.118103171764522674e-02
8.762500000000001066e+00 7.246368663978253188e-02
8.787500000000001421e+00 7.374604151717556455e-02
8.812500000000001776e+00 7.502810279886551470e-02
8.837500000000000355e+00 7.630987690113788524e-02
8.862500000000000711e+00 7.759137020792217232e-02
8.887500000000001066e+00 7.887258907118543938e-02
8.912500000000001421e+00 8.015353981131945194e-02
8.937500000000001776e+00 8.143422871752892256e-02
8.962500000000000355e+00 8.271466204820832058e-02
8.987500000000000711e+00 8.399484603131934790e-02
9.012500000000001066e+00 8.527478686475853387e-02
9.037500000000001421e+00 8.655449071672760564e-02
9.062500000000001776e+00 8.783396372609275637e-02
9.087500000000000355e+00 8.911321200274235910e-02
9.112500000000000711e+00 9.039224162794134987e-02
9.137500000000001066e+00 9.167105865468017090e-02
9.162500000000001421e+00 9.294966910801949478e-02
9.187500000000001776e+00 9.422807898543161809e-02
9.212500000000000355e+00 9.550629425713774712e-02
9.237500000000000711e+00 9.678432086644106480e-02
9.262500000000001066e+00 9.806216473005580081e-02
9.287500000000001421e+00 9.933983173843363712e-02
9.312500000000001776e+00 1.006173277560850066e-01
9.337500000000000355e+00 1.018946586218967276e-01
9.362500000000000711e+00 1.031718301494486401e-01
9.387500000000001066e+00 1.044488481273224689e-01
9.412500000000001421e+00 1.057257183194100225e-01
9.437500000000001776e+00 1.070024464652176155e-01
9.462500000000000355e+00 1.082790382801670503e-01
9.487500000000000711e+00 1.095554994558922690e-01
9.512500000000001066e+00 1.108318356605343391e-01
9.537500000000001421e+00 1.121080525390303340e-01
9.562500000000001776e+00 1.133841557134044331e-01
9.587500000000000355e+00 1.146601507830486977e-01
9.612500000000000711e+00 1.159360433250069544e-01
9.637500000000001066e+00 1.172118388942531286e-01
9.662500000000001421e+00 1.184875430239646921e-01
9.687500000000001776e+00 1.197631612257975542e-01
9.712500000000000355e+00 1.210386989901537369e-01
9.737500000000000711e+00 1.223141617864499375e-01
9.762500000000001066e+00 1.235895550633787643e-01
9.787500000000001421e+00 1.248648842491725253e-01
9.812500000000001776e+00 1.261401547518603561e-01
9.837500000000000355e+00 1.274153719595239043e-01
9.862500000000000711e+00 1.286905412405494609e-01
9.887500000000001066e+00 1.299656679438814244e-01
9.912500000000001421e+00 1.312407573992661058e-01
9.937500000000001776e+00 1.325158149174999744e-01
9.962500000000000355e+00 1.337908457906717974e-01
9.987500000000000711e+00 1.350658552924018929e-01
1.001250000000000107e+01 1.363408486780821605e-01
1.003750000000000142e+01 1.376158311851087834e-01
1.006250000000000178e+01 1.388908080331185957e-01
1.008750000000000213e+01 1.401657844242176765e-01
1.011250000000000071e+01 1.414407655432111666e-01
1.013750000000000107e+01 1.427157565578288656e-01
1.016250000000000142e+01 1.439907626189500522e-01
1.018750000000000178e+01 1.452657888608250847e-01
1.021250000000000213e+01 1.465408404012957799e-01
1.023750000000000071e+01 1.478159223420123514e-01
1.026250000000000107e+01 1.490910397686493472e-01
1.028750000000000142e+01 1.503661977511198122e-01
1.031250000000000178e+01 1.516414013437864527e-01
1.033750000000000213e+01 1.529166555856710241e-01
1.036250000000000071e+01 1.541919655006612766e-01
1.038750000000000107e+01 1.554673360977195662e-01
1.041250000000000142e+01 1.567427723710830278e-01
1.043750000000000178e+01 1.580182793004673014e-01
1.046250000000000213e+01 1.592938618512672599e-01
1.048750000000000071e+01 1.605695249747534081e-01
1.051250000000000107e+01 1.618452736082696131e-01
1.053750000000000142e+01 1.631211126754277263e-01
1.056250000000000178e+01 1.643970470863003186e-01
1.058750000000000213e+01 1.656730817376124154e-01
1.061250000000000071e+01 1.669492215129292356e-01
1.063750000000000107e+01 1.682254712828465948e-01
1.066250000000000142e+01 1.695018359051759793e-01
1.068750000000000178e+01 1.707783202251286214e-01
1.071250000000000213e+01 1.720549290754993521e-01
1.073750000000000071e+01 1.733316672768476785e-01
1.076250000000000107e+01 1.746085396376781951e-01
1.078750000000000142e+01 1.758855509546187745e-01
1.081250000000000178e+01 1.771627060125966491e-01
1.083750000000000213e+01 1.784400095850148249e-01
1.086250000000000071e+01 1.797174664339262762e-01
1.088750000000000107e+01 1.809950813102055855e-01
1.091250000000000142e+01 1.822728589537201405e-01
1.093750000000000178e+01 1.835508040935011076e-01
1.096250000000000213e+01 1.848289214479097442e-01
1.098750000000000071e+01 1.861072157248070402e-01
1.101250000000000107e+01 1.873856916217161439e-01
1.103750000000000142e+01 1.886643538259895614e-01
1.106250000000000178e+01 1.899432070149714713e-01
1.108750000000000213e+01 1.912222558561582630e-01
1.111250000000000071e+01 1.925015050073611844e-01
1.113750000000000107e+01 1.937809591168633272e-01
1.116250000000000142e+01 1.950606228235800543e-01
1.118750000000000178e+01 1.963405007572138761e-01
1.121250000000000213e+01 1.976205975384123237e-01
1.123750000000000071e+01 1.989009177789199390e-01
1.126250000000000107e+01 2.001814660817339275e-01
1.128750000000000142e+01 2.014622470412552602e-01
1.131250000000000178e+01 2.027432652434401072e-01
1.133750000000000213e+01 2.040245252659502739e-01
1.136250000000000071e+01 2.053060316783014150e-01
1.138750000000000107e+01 2.065877890420128038e-01
1.141250000000000142e+01 2.078698019107513284e-01
1.143750000000000178e+01 2.091520748304795951e-01
1.146250000000000213e+01 2.104346123396007018e-01
1.148750000000000071e+01 2.117174189691004571e-01
1.151250000000000107e+01 2.130004992426930421e-01
1.153750000000000142e+01 2.142838576769594550e-01
1.156250000000000178e+01 2.155674987814916177e-01
1.158750000000000213e+01 2.168514270590304882e-01
1.161250000000000071e+01 2.181356470056061703e-01
1.163750000000000107e+01 2.194201631106753592e-01
1.166250000000000142e+01 2.207049798572590094e-01
1.168750000000000178e+01 2.219901017220792250e-01
1.171250000000000213e+01 2.232755331756937078e-01
1.173750000000000071e+01 2.245612786826315377e-01
1.176250000000000107e+01 2.258473427015261770e-01
1.178750000000000142e+01 2.271337296852499188e-01
1.181250000000000178e+01 2.284204440810437831e-01
1.183750000000000213e+01 2.297074903306517424e-01
1.186250000000000071e+01 2.309948728704486198e-01
1.188750000000000107e+01 2.322825961315714283e-01
1.191250000000000142e+01 2.335706645400497106e-01
1.193750000000000178e+01 2.348590825169304397e-01
1.196250000000000213e+01 2.361478544784092470e-01
1.198750000000000249e+01 2.374369848359555446e-01
1.201250000000000107e+01 2.387264779964377581e-01
1.203750000000000142e+01 2.400163383622518909e-01
1.206250000000000178e+01 2.413065703314426491e-01
1.208750000000000213e+01 2.425971782978304514e-01
1.211250000000000249e+01 2.438881666511324431e-01
1.213750000000000107e+01 2.451795397770883955e-01
1.216250000000000142e+01 2.464713020575799440e-01
1.218750000000000178e+01 2.477634578707531565e-01
1.221250000000000213e+01 2.490560115911401029e-01
1.223750000000000249e+01 2.503489675897776490e-01
1.226250000000000107e+01 2.516423302343288038e-01
1.228750000000000142e+01 2.529361038892002922e-01
1.231250000000000178e+01 2.542302929156633473e-01
1.233750000000000213e+01 2.555249016719677302e-01
1.236250000000000249e+01 2.568199345134639655e-01
1.238750000000000107e+01 2.581153957927153630e-01
1.241250000000000142e+01 2.594112898596188099e-01
1.243750000000000178e+01 2.607076210615170142e-01
1.246250000000000213e+01 2.620043937433164105e-01
1.248750000000000249e+01 2.633016122475991816e-01
1.251250000000000107e+01 2.645992809147396096e-01
1.253750000000000142e+01 2.658974040830179852e-01
1.256250000000000178e+01 2.671959860887321847e-01
1.258750000000000213e+01 2.684950312663116900e-01
1.261250000000000249e+01 2.697945439484300545e-01
1.263750000000000107e+01 2.710945284661155918e-01
1.266250000000000142e+01 2.723949891488640640e-01
1.268750000000000178e+01 2.736959303247494812e-01
1.271250000000000213e+01 2.749973563205346805e-01
1.273750000000000249e+01 2.762992714617805712e-01
1.276250000000000107e+01 2.776016800729572687e-01
1.278750000000000142e+01 2.789045864775524519e-01
1.281250000000000178e+01 2.802079949981808316e-01
1.283750000000000213e+01 2.815119099566929517e-01
1.286250000000000249e+01 2.828163356742827705e-01
1.288750000000000107e+01 2.841212764715963512e-01
1.291250000000000142e+01 2.854267366688381102e-01
1.293750000000000178e+01 2.867327205858792860e-01
1.296250000000000213e+01 2.880392325423642985e-01
1.298750000000000249e+01 2.893462768578167754e-01
