# t[Gyr], SFR_thin.d peak(s) fraction
1.250000000000000069e-02 1.000000000000000000e+00 0.000000000000000000e+00
3.750000000000000555e-02 1.000000000000000000e+00 0.000000000000000000e+00
6.250000000000001388e-02 1.000000000000000000e+00 0.000000000000000000e+00
8.750000000000000833e-02 1.000000000000000000e+00 0.000000000000000000e+00
1.125000000000000167e-01 1.000000000000000000e+00 0.000000000000000000e+00
1.375000000000000389e-01 1.000000000000000000e+00 0.000000000000000000e+00
1.625000000000000333e-01 1.000000000000000000e+00 0.000000000000000000e+00
1.875000000000000555e-01 3.254227977761146022e-49 0.000000000000000000e+00
2.125000000000000500e-01 3.441932520607133285e-49 0.000000000000000000e+00
2.375000000000000444e-01 4.438609375661142943e-49 0.000000000000000000e+00
2.625000000000000666e-01 6.187390432527112143e-49 0.000000000000000000e+00
2.875000000000000888e-01 8.995487072687743824e-49 0.000000000000000000e+00
3.125000000000000555e-01 1.342728433759007368e-48 0.000000000000000000e+00
3.375000000000000777e-01 2.040728035204921541e-48 0.000000000000000000e+00
3.625000000000000999e-01 3.142370602708761490e-48 0.000000000000000000e+00
3.875000000000000666e-01 4.886599833136389551e-48 0.000000000000000000e+00
4.125000000000000888e-01 7.657235215630441905e-48 0.000000000000000000e+00
4.375000000000001110e-01 1.207150998375862052e-47 0.000000000000000000e+00
4.625000000000000777e-01 1.912318369499500927e-47 0.000000000000000000e+00
4.875000000000000999e-01 3.041391808180559767e-47 0.000000000000000000e+00
5.125000000000000666e-01 4.852745198078384733e-47 0.000000000000000000e+00
5.375000000000000888e-01 7.763483239234472369e-47 0.000000000000000000e+00
5.625000000000001110e-01 1.244734987603485465e-46 0.000000000000000000e+00
5.875000000000000222e-01 1.999312025386880832e-46 0.000000000000000000e+00
6.125000000000000444e-01 3.216082732324801501e-46 0.000000000000000000e+00
6.375000000000000666e-01 5.179620014617615547e-46 0.000000000000000000e+00
6.625000000000000888e-01 8.350087141619947004e-46 0.000000000000000000e+00
6.875000000000001110e-01 1.347159152645546010e-45 0.000000000000000000e+00
7.125000000000001332e-01 2.174730566952747079e-45 0.000000000000000000e+00
7.375000000000000444e-01 3.512238952083641294e-45 0.000000000000000000e+00
7.625000000000000666e-01 5.674087810798616225e-45 0.000000000000000000e+00
7.875000000000000888e-01 9.168315074806332454e-45 0.000000000000000000e+00
8.125000000000001110e-01 1.481556700968465230e-44 0.000000000000000000e+00
8.375000000000001332e-01 2.394092762495486762e-44 0.000000000000000000e+00
8.625000000000001554e-01 3.868303211902259926e-44 0.000000000000000000e+00
8.875000000000001776e-01 6.249185501449391863e-44 0.000000000000000000e+00
9.125000000000000888e-01 1.009297993625629461e-43 0.000000000000000000e+00
9.375000000000001110e-01 1.629599866587873628e-43 0.000000000000000000e+00
9.625000000000001332e-01 2.630165425817460982e-43 0.000000000000000000e+00
9.875000000000001554e-01 4.243290430335082217e-43 0.000000000000000000e+00
1.012500000000000178e+00 6.842567189884759912e-43 0.000000000000000000e+00
1.037500000000000089e+00 1.102840526653385327e-42 0.000000000000000000e+00
1.062500000000000222e+00 1.776502951710656715e-42 0.000000000000000000e+00
1.087500000000000133e+00 2.859975551551572307e-42 0.000000000000000000e+00
1.112500000000000266e+00 4.601365220377410465e-42 0.000000000000000000e+00
1.137500000000000178e+00 7.398182172109354424e-42 0.000000000000000000e+00
1.162500000000000089e+00 1.188677932303451429e-41 0.000000000000000000e+00
1.187500000000000222e+00 1.908499637258292469e-41 0.000000000000000000e+00
1.212500000000000133e+00 3.061944601366834996e-41 0.000000000000000000e+00
1.237500000000000266e+00 4.908732376597429740e-41 0.000000000000000000e+00
1.262500000000000178e+00 7.863180750227682977e-41 0.000000000000000000e+00
1.287500000000000311e+00 1.258562437553289181e-40 0.000000000000000000e+00
1.312500000000000222e+00 2.012751580844786802e-40 0.000000000000000000e+00
1.337500000000000133e+00 3.216150170734962726e-40 0.000000000000000000e+00
1.362500000000000266e+00 5.134586892066145698e-40 0.000000000000000000e+00
1.387500000000000178e+00 8.190124532644452211e-40 0.000000000000000000e+00
1.412500000000000311e+00 1.305222308008581412e-39 0.000000000000000000e+00
1.437500000000000222e+00 2.078169727633739794e-39 0.000000000000000000e+00
1.462500000000000133e+00 3.305780382044919099e-39 0.000000000000000000e+00
1.487500000000000266e+00 5.253608208974379257e-39 0.000000000000000000e+00
1.512500000000000178e+00 8.341163114474631224e-39 0.000000000000000000e+00
1.537500000000000311e+00 1.323048081520288018e-38 0.000000000000000000e+00
1.562500000000000222e+00 2.096523909635570819e-38 0.000000000000000000e+00
1.587500000000000355e+00 3.318902818586586834e-38 0.000000000000000000e+00
1.612500000000000266e+00 5.248743529554418839e-38 0.000000000000000000e+00
1.637500000000000178e+00 8.292358330022000137e-38 0.000000000000000000e+00
1.662500000000000311e+00 1.308755907634512503e-37 0.000000000000000000e+00
1.687500000000000222e+00 2.063447004233973711e-37 0.000000000000000000e+00
1.712500000000000355e+00 3.249962985682926751e-37 0.000000000000000000e+00
1.737500000000000266e+00 5.113408273442879885e-37 0.000000000000000000e+00
1.762500000000000400e+00 8.036855682095471474e-37 0.000000000000000000e+00
1.787500000000000311e+00 1.261834356000588213e-36 0.000000000000000000e+00
1.812500000000000222e+00 1.979046397331131896e-36 0.000000000000000000e+00
1.837500000000000355e+00 3.100588686070654552e-36 0.000000000000000000e+00
1.862500000000000266e+00 4.852484096707348991e-36 0.000000000000000000e+00
1.887500000000000400e+00 7.586006462848482916e-36 0.000000000000000000e+00
1.912500000000000311e+00 1.184646772101131343e-35 0.000000000000000000e+00
1.937500000000000222e+00 1.847943466731919793e-35 0.000000000000000000e+00
1.962500000000000355e+00 2.879454914205287444e-35 0.000000000000000000e+00
1.987500000000000266e+00 4.481789273595369766e-35 0.000000000000000000e+00
2.012500000000000622e+00 6.968029353390271812e-35 0.000000000000000000e+00
2.037500000000000533e+00 1.082140929611001290e-34 0.000000000000000000e+00
2.062500000000000444e+00 1.678691896397993063e-34 0.000000000000000000e+00
2.087500000000000799e+00 2.601174952847037842e-34 0.000000000000000000e+00
2.112500000000000711e+00 4.026036290241642639e-34 0.000000000000000000e+00
2.137500000000000622e+00 6.224343920638523502e-34 0.000000000000000000e+00
2.162500000000000533e+00 9.612039318279505040e-34 0.000000000000000000e+00
2.187500000000000444e+00 1.482661147322493967e-33 0.000000000000000000e+00
2.212500000000000799e+00 2.284394447066800111e-33 0.000000000000000000e+00
2.237500000000000711e+00 3.515617116214024492e-33 0.000000000000000000e+00
2.262500000000000622e+00 5.404205437138012354e-33 0.000000000000000000e+00
2.287500000000000533e+00 8.297753068422941010e-33 0.000000000000000000e+00
2.312500000000000444e+00 1.272583125697288377e-32 0.000000000000000000e+00
2.337500000000000799e+00 1.949429252253894924e-32 0.000000000000000000e+00
2.362500000000000711e+00 2.982793405079690758e-32 0.000000000000000000e+00
2.387500000000000622e+00 4.558605420861008425e-32 0.000000000000000000e+00
2.412500000000000533e+00 6.958774455731408822e-32 0.000000000000000000e+00
2.437500000000000444e+00 1.061021744379872390e-31 0.000000000000000000e+00
2.462500000000000799e+00 1.615866390388586651e-31 0.000000000000000000e+00
2.487500000000000711e+00 2.457961981791300263e-31 0.000000000000000000e+00
2.512500000000000622e+00 3.734499188049391778e-31 0.000000000000000000e+00
2.537500000000000533e+00 5.667298012077256503e-31 0.000000000000000000e+00
2.562500000000000888e+00 8.590238355075748725e-31 0.000000000000000000e+00
2.587500000000000799e+00 1.300525590514809961e-30 0.000000000000000000e+00
2.612500000000000711e+00 1.966600675444792607e-30 0.000000000000000000e+00
2.637500000000000622e+00 2.970271568247103487e-30 0.000000000000000000e+00
2.662500000000000533e+00 4.480824666008557505e-30 0.000000000000000000e+00
2.687500000000000888e+00 6.751506847735380348e-30 0.000000000000000000e+00
2.712500000000000799e+00 1.016069982760916145e-29 0.000000000000000000e+00
2.737500000000000711e+00 1.527305368463677770e-29 0.000000000000000000e+00
2.762500000000000622e+00 2.293014006504673966e-29 0.000000000000000000e+00
2.787500000000000533e+00 3.438470921976618391e-29 0.000000000000000000e+00
2.812500000000000888e+00 5.149927226470222793e-29 0.000000000000000000e+00
2.837500000000000799e+00 7.703945556590337587e-29 0.000000000000000000e+00
2.862500000000000711e+00 1.151068062118295615e-28 0.000000000000000000e+00
2.887500000000000622e+00 1.717765269612586064e-28 5.434722104253711986e-323
2.912500000000000533e+00 2.560359763147782316e-28 2.623488579417019150e-321
2.937500000000000888e+00 3.811640180680587565e-28 1.209571514148539789e-319
2.962500000000000799e+00 5.667557164053191251e-28 5.521751767768647565e-318
2.987500000000000711e+00 8.416905110484424780e-28 2.495829131076941157e-316
3.012500000000000622e+00 1.248477953569688273e-27 1.116955453834536757e-314
3.037500000000000977e+00 1.849612194888464326e-27 4.949247931390583670e-313
3.062500000000000888e+00 2.736851822744991801e-27 2.171322695156113109e-311
3.087500000000000799e+00 4.044754363437406408e-27 9.431717807739684441e-310
3.112500000000000711e+00 5.970390775342703169e-27 4.056373765053872053e-308
3.137500000000000622e+00 8.802024833215806421e-27 1.727290405806847325e-306
3.162500000000000977e+00 1.296078032419090061e-26 7.282365743608937208e-305
3.187500000000000888e+00 1.906109969061833300e-26 3.039896923949861328e-303
3.212500000000000799e+00 2.799835562773327269e-26 1.256388640141469622e-301
3.237500000000000711e+00 4.107564643240143510e-26 5.141234993817650871e-300
3.262500000000000622e+00 6.018706246560197373e-26 2.082997602484707831e-298
3.287500000000000977e+00 8.808223146190340763e-26 8.355789836874988882e-297
3.312500000000000888e+00 1.287476950723207626e-25 3.318663674520427385e-295
3.337500000000000799e+00 1.879559996902249019e-25 1.305015150383669250e-293
3.362500000000000711e+00 2.740552292147265800e-25 5.080939657727939293e-292
3.387500000000000622e+00 3.991027917324625836e-25 1.958611479185250101e-290
3.412500000000000977e+00 5.804914446082934502e-25 7.475288206097568216e-289
3.437500000000000888e+00 8.432782291673112834e-25 2.824766776127755953e-287
3.462500000000000799e+00 1.223515826573532581e-24 1.056846448341234317e-285
3.487500000000000711e+00 1.773011581803299905e-24 3.914853079698462716e-284
3.512500000000001066e+00 2.566117153653688776e-24 1.435796771088090494e-282
3.537500000000000977e+00 3.709402579948892320e-24 5.213676272163057352e-281
3.562500000000000888e+00 5.355422102987736212e-24 1.874426432364923532e-279
3.587500000000000799e+00 7.722276772209930781e-24 6.672147826386392205e-278
3.612500000000000711e+00 1.112137841910851280e-23 2.351448768684704703e-276
3.637500000000001066e+00 1.599680165589109623e-23 8.204982722242821474e-275
3.662500000000000977e+00 2.298098726216721116e-23 2.834600133216736278e-273
3.687500000000000888e+00 3.297348765415056784e-23 9.695665395697866134e-272
3.712500000000000799e+00 4.725213960582710053e-23 3.283483414506620551e-270
3.737500000000000711e+00 6.762981120036885364e-23 1.100938705860240920e-268
3.762500000000001066e+00 9.667511472045209770e-23 3.654788762128199279e-267
3.787500000000000977e+00 1.380227793704735956e-22 1.201246055982786572e-265
3.812500000000000888e+00 1.968095305022972756e-22 3.909056568413343841e-264
3.837500000000000799e+00 2.802854187614957665e-22 1.259452987492312275e-262
3.862500000000000711e+00 3.986700883913985874e-22 4.017554125051039805e-261
3.887500000000001066e+00 5.663505377698504599e-22 1.268852183865673598e-259
3.912500000000000977e+00 8.035543470449257377e-22 3.967615714645992684e-258
3.937500000000000888e+00 1.138684020154499032e-21 1.228336077240374205e-256
3.962500000000000799e+00 1.611569339573435365e-21 3.765074854292538933e-255
3.987500000000001155e+00 2.277992743980227664e-21 1.142611509331546815e-253
4.012500000000001066e+00 3.215977650383948312e-21 3.433143220911897547e-252
4.037500000000000533e+00 4.534514897994680198e-21 1.021300104127395413e-250
4.062500000000000888e+00 6.385656524229766794e-21 3.008034020290355939e-249
4.087500000000001243e+00 8.981253942599462948e-21 8.771620084260472728e-248
4.112500000000000711e+00 1.261609326798158516e-20 2.532470403257857120e-246
4.137500000000001066e+00 1.769983008333666522e-20 7.238961007521094748e-245
4.162500000000001421e+00 2.480101167872343846e-20 2.048685019577925870e-243
4.187500000000000888e+00 3.470768091070073975e-20 5.740385358365129872e-242
4.212500000000001243e+00 4.851069591132591273e-20 1.592478640991161834e-240
4.237500000000000711e+00 6.771812693309663801e-20 4.373938878083288710e-239
4.262500000000001066e+00 9.441211147638872525e-20 1.189427970063822580e-237
4.287500000000001421e+00 1.314636379765067526e-19 3.202357022726016960e-236
4.312500000000000888e+00 1.828262575364435839e-19 8.536254209261585415e-235
4.337500000000001243e+00 2.539371890903914445e-19 2.252842076487827973e-233
4.362500000000000711e+00 3.522643500914874488e-19 5.886536041654546036e-232
4.387500000000001066e+00 4.880513991563807517e-19 1.522840262176964270e-230
4.412500000000001421e+00 6.753311015243669006e-19 3.900445522773685458e-229
4.437500000000000888e+00 9.333017970160026650e-19 9.890978248053206535e-228
4.462500000000001243e+00 1.288194556339378691e-18 2.483300556330558403e-226
4.487500000000000711e+00 1.775802533363793612e-18 6.172828074875066922e-225
4.512500000000001066e+00 2.444902740911267147e-18 1.519160932555648470e-223
4.537500000000001421e+00 3.361878869589758016e-18 3.701586866856701819e-222
4.562500000000000888e+00 4.616958274220505894e-18 8.929692916051632042e-221
4.587500000000001243e+00 6.332615369792246640e-18 2.132796295910032028e-219
4.612500000000000711e+00 8.674878607145142403e-18 5.043434305235871683e-218
4.637500000000001066e+00 1.186852367062726706e-17 1.180775570723399168e-216
4.662500000000001421e+00 1.621746090929608051e-17 2.736983745206370537e-215
4.687500000000000888e+00 2.213205566490483221e-17 6.281173847336236582e-214
4.712500000000001243e+00 3.016568933989466515e-17 1.427161159711802720e-212
4.737500000000000711e+00 4.106362023223103346e-17 3.210470653486208821e-211
4.762500000000001066e+00 5.582819311701950533e-17 7.150357400723652467e-210
4.787500000000001421e+00 7.580574928403787326e-17 1.576703504972630260e-208
4.812500000000000888e+00 1.028023005823619635e-16 3.442194724202829768e-207
4.837500000000001243e+00 1.392372771911508903e-16 7.440186771031151999e-206
4.862500000000000711e+00 1.883476018247722713e-16 1.592190864386838336e-204
4.887500000000001066e+00 2.544581934463359591e-16 3.373410495066534251e-203
4.912500000000001421e+00 3.433400337157219403e-16 7.076294829048386803e-202
4.937500000000000888e+00 4.626834912276508004e-16 1.469620500211168837e-200
4.962500000000001243e+00 6.227231459622141891e-16 3.021808453477796020e-199
4.987500000000000711e+00 8.370614737437324692e-16 6.151641320900122916e-198
5.012500000000001066e+00 1.123753189378682487e-15 1.239873333396693083e-196
5.037500000000001421e+00 1.506730772264077923e-15 2.474148557913615106e-195
5.062500000000000888e+00 2.017675946196507166e-15 4.888057052767237203e-194
5.087500000000001243e+00 2.698473238375507469e-15 9.561118530230471667e-193
5.112500000000001599e+00 3.604422223212844985e-15 1.851582147893683838e-191
5.137500000000001066e+00 4.808437244090333129e-15 3.550087195309212680e-190
5.162500000000001421e+00 6.406530586253351167e-15 6.739019537065484331e-189
5.187500000000000888e+00 8.524961424840361497e-15 1.266531454524018123e-187
5.212500000000001243e+00 1.132954369862054656e-14 2.356658882723060433e-186
5.237500000000001599e+00 1.503774808711997435e-14 4.341490564217394844e-185
5.262500000000001066e+00 1.993441500741295148e-14 7.918488755661853596e-184
5.287500000000001421e+00 2.639212775112181896e-14 1.429904288141654013e-182
5.312500000000000888e+00 3.489759111888970641e-14 2.556423321523922276e-181
5.337500000000001243e+00 4.608573826608307963e-14 4.525010896307677667e-180
5.362500000000001599e+00 6.078376843609294620e-14 7.929895488505948141e-179
5.387500000000001066e+00 8.006792780039395773e-14 1.375866177265240369e-177
5.412500000000001421e+00 1.053366185552021973e-13 2.363446329504784652e-176
5.437500000000000888e+00 1.384044000463813220e-13 4.019537058861202555e-175
5.462500000000001243e+00 1.816226828534320828e-13 6.768103587356102096e-174
5.487500000000001599e+00 2.380344783674464221e-13 1.128284314623047929e-172
5.512500000000001066e+00 3.115725345073443068e-13 1.862218450291372391e-171
5.537500000000001421e+00 4.073126648350341161e-13 3.043008386887595293e-170
5.562500000000000888e+00 5.317971900294889377e-13 4.923070474781569121e-169
5.587500000000001243e+00 6.934473142688913100e-13 7.885500555589335604e-168
5.612500000000001599e+00 9.030881484772035925e-13 1.250497198037246621e-166
5.637500000000001066e+00 1.174616207048823957e-12 1.963343798143255921e-165
5.662500000000001421e+00 1.525846839677500050e-12 3.051898577998319934e-164
5.687500000000000888e+00 1.979588578385860308e-12 4.696819649116416204e-163
5.712500000000001243e+00 2.565003227775134732e-12 7.156450200735061428e-162
5.737500000000001599e+00 3.319325250751881568e-12 1.079571329165631601e-160
5.762500000000001066e+00 4.290032271914398764e-12 1.612370667736386565e-159
5.787500000000001421e+00 5.537581154286332577e-12 2.384175566935531428e-158
5.812500000000000888e+00 7.138852099775554174e-12 3.490368778161536177e-157
5.837500000000001243e+00 9.191477794261309566e-12 5.058992980834265315e-156
5.862500000000001599e+00 1.181927724083941954e-11 7.259662993664193084e-155
5.887500000000001066e+00 1.517906639052455259e-11 1.031403045323090172e-153
5.912500000000001421e+00 1.946918215758213750e-11 1.450774347706807396e-152
5.937500000000000888e+00 2.494013551854153840e-11 2.020369395093266746e-151
5.962500000000001243e+00 3.190790630342329280e-11 2.785615017975830807e-150
5.987500000000001599e+00 4.077051080494285913e-11 3.802513432959751028e-149
6.012500000000001066e+00 5.202861803684592407e-11 5.139012974770346281e-148
6.037500000000001421e+00 6.631116686201541380e-11 6.876190744919347539e-147
6.062500000000001776e+00 8.440715086675441159e-11 9.109096653210066742e-146
6.087500000000001243e+00 1.073049986477247449e-10 1.194708211402029301e-144
6.112500000000001599e+00 1.362412934894728340e-10 1.551341754686735644e-143
6.137500000000001066e+00 1.727609594210627950e-10 1.994399521564875526e-142
6.162500000000001421e+00 2.187915036341725405e-10 2.538492238109583007e-141
6.187500000000001776e+00 2.767344639781678881e-10 3.198883844107461529e-140
6.212500000000001243e+00 3.495778833715929464e-10 3.990984191264303416e-139
6.237500000000001599e+00 4.410344425178010464e-10 4.929699030585331112e-138
6.262500000000001066e+00 5.557108542625503073e-10 6.028643733429205652e-137
6.287500000000001421e+00 6.993152878467177867e-10 7.299239377615980302e-136
6.312500000000001776e+00 8.789109850722121037e-10 8.749723369576707085e-135
6.337500000000001243e+00 1.103225895058792419e-09 1.038412065221945213e-133
6.362500000000001599e+00 1.383030138978780531e-09 1.220123447883212665e-132
6.387500000000001066e+00 1.731595478264219825e-09 1.419372624769081056e-131
6.412500000000001421e+00 2.165253766044396860e-09 1.634736047644255287e-130
6.437500000000001776e+00 2.704074689531119035e-09 1.864049226091842639e-129
6.462500000000001243e+00 3.372687050589108265e-09 2.104386943362807768e-128
6.487500000000001599e+00 4.201272486714348483e-09 2.352080953081098416e-127
6.512500000000001066e+00 5.226766024960767350e-09 2.602779265744151081e-126
6.537500000000001421e+00 6.494304324958404327e-09 2.851548620926692993e-125
6.562500000000001776e+00 8.058970062434674399e-09 3.093018772481136743e-124
6.587500000000001243e+00 9.987889812993551035e-09 3.321564012824802600e-123
6.612500000000001599e+00 1.236275322456147426e-08 3.531514201718159117e-122
6.637500000000001066e+00 1.528283345205014328e-08 3.717384742625219935e-121
6.662500000000001421e+00 1.886860303784120445e-08 3.874112757074106544e-120
6.687500000000001776e+00 2.326605596094827653e-08 3.997285395672856987e-119
6.712500000000001243e+00 2.865186579016301030e-08 4.083345973665897187e-118
6.737500000000001599e+00 3.523953214992133065e-08 4.129764512947020937e-117
6.762500000000001066e+00 4.328669347795688969e-08 4.135161284127925975e-116
6.787500000000001421e+00 5.310381380960186007e-08 4.099374931225819715e-115
6.812500000000001776e+00 6.506448561071380419e-08 4.023470485363236699e-114
6.837500000000001243e+00 7.961763010769258930e-08 3.909686712146087658e-113
6.862500000000001599e+00 9.730192180386984034e-08 3.761326424940934647e-112
6.887500000000001954e+00 1.187628156735266720e-07 3.582597262737828841e-111
6.912500000000001421e+00 1.447726147112876570e-07 3.378413640832582547e-110
6.937500000000001776e+00 1.762540829899762331e-07 3.154172869419981353e-109
6.962500000000001243e+00 2.143081861336919502e-07 2.915519630503767265e-108
6.987500000000001599e+00 2.602466282231731322e-07 2.668113049953310762e-107
7.012500000000001954e+00 3.156299527870898674e-07 2.417409554619816346e-106
7.037500000000001421e+00 3.823120869593913748e-07 2.168472721019118621e-105
7.062500000000001776e+00 4.624923334566792959e-07 1.925818637563000175e-104
7.087500000000001243e+00 5.587759562024241185e-07 1.693302200762182959e-103
7.112500000000001599e+00 6.742446637394118611e-07 1.474046546571349476e-102
7.137500000000001954e+00 8.125384716575711133e-07 1.270414763579141545e-101
7.162500000000001421e+00 9.779506228311845624e-07 1.084020383357744308e-100
7.187500000000001776e+00 1.175537464086854509e-06 9.157710694254925433e-100
7.212500000000001243e+00 1.411245421848505356e-06 7.659385302481025672e-99
7.237500000000001599e+00 1.692057489205807112e-06 6.342469886918315784e-98
7.262500000000001954e+00 2.026161934623307783e-06 5.199725078417946937e-97
7.287500000000001421e+00 2.423146270040692798e-06 4.220460047604720421e-96
7.312500000000001776e+00 2.894219875261136401e-06 3.391537470044603837e-95
7.337500000000001243e+00 3.452469068063299201e-06 2.698303716376275683e-94
7.362500000000001599e+00 4.113148837063670274e-06 2.125408434978798409e-93
7.387500000000001954e+00 4.894015918489530411e-06 1.657491439763769056e-92
7.412500000000001421e+00 5.815708399967989826e-06 1.279727443243918011e-91
7.437500000000001776e+00 6.902177575163421700e-06 9.782299044228469873e-91
7.462500000000001243e+00 8.181178353214014999e-06 7.403236368778249547e-90
7.487500000000001599e+00 9.684825146587465163e-06 5.547016911451164308e-89
7.512500000000001954e+00 1.145022081980624270e-05 4.114854855288044686e-88
7.537500000000001421e+00 1.352016697846375310e-05 3.022084956347014641e-87
7.562500000000001776e+00 1.594396461126947485e-05 2.197434267340178774e-86
7.587500000000001243e+00 1.877831486486507558e-05 1.581911369146581105e-85
7.612500000000001599e+00 2.208833052816821960e-05 1.127471012008148844e-84
7.637500000000001954e+00 2.594866962519090480e-05 7.955831069959703167e-84
7.662500000000001421e+00 3.044480335652543251e-05 5.558051873589444384e-83
7.687500000000001776e+00 3.567443148238058442e-05 3.844292742229636616e-82
7.712500000000001243e+00 4.174905909496864724e-05 2.632491961586709074e-81
7.737500000000001599e+00 4.879574957415375327e-05 1.784737414972655824e-80
7.762500000000001954e+00 5.695906934454153742e-05 1.197948627486732171e-79
7.787500000000001421e+00 6.640324083945326025e-05 7.960833901439442677e-79
7.812500000000001776e+00 7.731452080991074022e-05 5.237636264767116939e-78
7.837500000000002132e+00 8.990382177478906892e-05 3.411680883307941895e-77
7.862500000000001599e+00 1.044095949688767199e-04 2.200177115759197872e-76
7.887500000000001954e+00 1.211009935829932135e-04 1.404762563153413825e-75
7.912500000000001421e+00 1.402813353757923441e-04 8.879818688392352772e-75
7.937500000000001776e+00 1.622918838385406124e-04 5.557263621239115828e-74
7.962500000000002132e+00 1.875159669765986427e-04 3.443288754828880951e-73
7.987500000000001599e+00 2.163834523960289006e-04 2.112230119830325627e-72
8.012500000000001066e+00 2.493755967084280338e-04 1.282815312013257150e-71
8.037500000000001421e+00 2.870302862462055797e-04 7.713329900248749367e-71
8.062500000000000000e+00 3.299476846650834481e-04 4.591708076189808444e-70
8.087500000000000355e+00 3.787963011483277205e-04 2.706206406829098256e-69
8.112500000000000711e+00 4.343194905626430384e-04 1.579070476778652761e-68
8.137500000000001066e+00 4.973423939910847757e-04 9.122117952782732874e-68
8.162500000000001421e+00 5.687793245229892615e-04 5.217266423469332425e-67
8.187500000000000000e+00 6.496415989532072994e-04 2.954221491442587366e-66
8.212500000000000355e+00 7.410458110699414238e-04 1.656133333514247435e-65
8.237500000000000711e+00 8.442225364292165260e-04 9.191771096705732967e-65
8.262500000000001066e+00 9.605254518639215477e-04 5.050730036752533412e-64
8.287500000000001421e+00 1.091440845396974809e-03 2.747637930314339264e-63
8.312500000000001776e+00 1.238597483668754705e-03 1.479839168012668800e-62
8.337500000000000355e+00 1.403776794401063836e-03 7.890752284356746417e-62
8.362500000000000711e+00 1.588923310766556483e-03 4.165530472478590108e-61
8.387500000000001066e+00 1.796155312788279669e-03 2.177054480026834869e-60
8.412500000000001421e+00 2.027775588050907771e-03 1.126456261272645355e-59
8.437500000000001776e+00 2.286282220072245741e-03 5.770378712995203816e-59
8.462500000000000355e+00 2.574379297697480286e-03 2.926429390458200954e-58
8.487500000000000711e+00 2.894987422901955116e-03 1.469312713456946950e-57
8.512500000000001066e+00 3.251253877519330159e-03 7.303507508685023462e-57
8.537500000000001421e+00 3.646562291790148794e-03 3.594084451968568675e-56
8.562500000000001776e+00 4.084541639432613322e-03 1.750987376326118866e-55
8.587500000000000355e+00 4.569074365411182441e-03 8.445278237807372014e-55
8.612500000000000711e+00 5.104303434011461457e-03 4.032545444725543323e-54
8.637500000000001066e+00 5.694638066578309836e-03 1.906237313470922539e-53
8.662500000000001421e+00 6.344757920766832052e-03 8.920823589496261779e-53
8.687500000000001776e+00 7.059615446884463449e-03 4.132958045941526567e-52
8.712500000000000355e+00 7.844436142445225524e-03 1.895582731358503166e-51
8.737500000000000711e+00 8.704716414055135160e-03 8.606918697600127694e-51
8.762500000000001066e+00 9.646218746920781975e-03 3.868772959852894417e-50
8.787500000000001421e+00 1.067496387740617635e-02 1.721538017988093583e-49
8.812500000000001776e+00 1.179721966398923974e-02 7.583591627945368278e-49
8.837500000000000355e+00 1.301948635757368272e-02 3.307083755341362276e-48
8.862500000000000711e+00 1.434847798428717097e-02 1.427658225310887153e-47
8.887500000000001066e+00 1.579109957353378238e-02 6.101110115237430708e-47
8.912500000000001421e+00 1.735441999202288685e-02 2.581045569542262123e-46
8.937500000000001776e+00 1.904564018152807986e-02 1.080889314677325499e-45
8.962500000000000355e+00 2.087205664489518234e-02 4.480866189982149823e-45
8.987500000000000711e+00 2.284102008178067258e-02 1.838799216241065287e-44
9.012500000000001066e+00 2.495988914299964237e-02 7.469551962037764462e-44
9.037500000000001421e+00 2.723597935015853108e-02 3.003578489553165013e-43
9.062500000000001776e+00 2.967650731503306688e-02 1.195539326755000879e-42
9.087500000000000355e+00 3.228853049015963095e-02 4.710483131218531188e-42
9.112500000000000711e+00 3.507888278709424962e-02 1.837130559324391283e-41
9.137500000000001066e+00 3.805410651005919354e-02 7.092247697681263635e-41
9.162500000000001421e+00 4.122038116805280816e-02 2.710150873755336462e-40
9.187500000000001776e+00 4.458344984524070104e-02 1.025097650367614685e-39
9.212500000000000355e+00 4.814854392444457148e-02 3.837919217695839761e-39
9.237500000000000711e+00 5.192030706823452801e-02 1.422269935638247606e-38
9.262500000000001066e+00 5.590271946263352526e-02 5.216999815589877140e-38
9.287500000000001421e+00 6.009902341570606127e-02 1.894128382822986028e-37
9.312500000000001776e+00 6.451165147316187398e-02 6.806835727895472337e-37
9.337500000000000355e+00 6.914215826159220146e-02 2.421174866623737903e-36
9.362500000000000711e+00 7.399115729334822256e-02 8.524131929896130584e-36
9.387500000000001066e+00 7.905826396219964303e-02 2.970405468400083637e-35
9.412500000000001421e+00 8.434204592334547390e-02 1.024523007888990760e-34
9.437500000000001776e+00 8.983998198350567899e-02 3.497577645142632998e-34
9.462500000000000355e+00 9.554843052629916067e-02 1.181822876687548049e-33
9.487500000000000711e+00 1.014626083656110511e-01 3.952546483040680874e-33
9.512500000000001066e+00 1.075765807572189037e-01 1.308403901517021517e-32
9.537500000000001421e+00 1.138832631099065407e-01 4.286947150952197721e-32
9.562500000000001776e+00 1.203744347261398173e-01 1.390265107261049602e-31
9.587500000000000355e+00 1.270407646748153430e-01 4.462647656548425192e-31
9.612500000000000711e+00 1.338718496610981634e-01 1.417868334373102345e-30
9.637500000000001066e+00 1.408562635181467848e-01 4.458932983936530479e-30
9.662500000000001421e+00 1.479816177101057340e-01 1.387975167626649079e-29
9.687500000000001776e+00 1.552346320125868040e-01 4.276541476252491490e-29
9.712500000000000355e+00 1.626012143331949933e-01 1.304274505209590968e-28
9.737500000000000711e+00 1.700665484569043040e-01 3.937461034611574062e-28
9.762500000000001066e+00 1.776151883547927579e-01 1.176631917884299566e-27
9.787500000000001421e+00 1.852311575840893398e-01 3.480556759479438811e-27
9.812500000000001776e+00 1.928980522354909466e-01 1.019172459708971072e-26
9.837500000000000355e+00 2.005991458517054904e-01 2.954235253122871612e-26
9.862500000000000711e+00 2.083174947489422335e-01 8.477131162166418634e-26
9.887500000000001066e+00 2.160360422189914475e-01 2.408061284179795122e-25
9.912500000000001421e+00 2.237377201706652607e-01 6.771886924540125298e-25
9.937500000000001776e+00 2.314055468815488237e-01 1.885317170541199972e-24
9.962500000000000355e+00 2.390227196693161804e-01 5.196381313935700174e-24
9.987500000000000711e+00 2.465727014506319259e-01 1.417976375188147763e-23
1.001250000000000107e+01 2.540393003289617702e-01 3.830875914792153588e-23
1.003750000000000142e+01 2.614067415344828449e-01 1.024703308011383787e-22
1.006250000000000178e+01 2.686597312238570012e-01 2.713807949411010140e-22
1.008750000000000213e+01 2.757835118295973165e-01 7.116247003028527489e-22
1.011250000000000071e+01 2.827639088232933307e-01 1.847667743782128408e-21
1.013750000000000107e+01 2.895873689200477163e-01 4.750154134651126289e-21
1.016250000000000142e+01 2.962409898998369373e-01 1.209239780512452495e-20
1.018750000000000178e+01 3.027125423528048698e-01 3.048231045295778824e-20
1.021250000000000213e+01 3.089904837680972904e-01 7.608933066630536366e-20
1.023750000000000071e+01 3.150639654790109434e-01 1.880830200363144143e-19
1.026250000000000107e+01 3.209228330508927529e-01 4.603993159648215602e-19
1.028750000000000142e+01 3.265576207528972930e-01 1.116061367346904021e-18
1.031250000000000178e+01 3.319595407914838758e-01 2.679283127390353720e-18
1.033750000000000213e+01 3.371204680038286661e-01 6.369931753247549874e-18
1.036250000000000071e+01 3.420329207148635198e-01 1.499839453519439666e-17
1.038750000000000107e+01 3.466900384543746827e-01 3.497489637358441402e-17
1.041250000000000142e+01 3.510855572124147450e-01 8.077505235574607863e-17
1.043750000000000178e+01 3.552137828842553136e-01 1.847627025145125264e-16
1.046250000000000213e+01 3.590695635220843007e-01 4.185759835004463405e-16
1.048750000000000071e+01 3.626482609714432037e-01 9.392117762484613335e-16
1.051250000000000107e+01 3.659457224276320142e-01 2.087314186860179400e-15
1.053750000000000142e+01 3.689582524023738985e-01 4.594651756835933639e-15
1.056250000000000178e+01 3.716825855451956762e-01 1.001757977550012422e-14
1.058750000000000213e+01 3.741158607182071272e-01 2.163330847862768412e-14
1.061250000000000071e+01 3.762555966780665728e-01 4.627399761126155837e-14
1.063750000000000107e+01 3.780996696755052344e-01 9.804119136577841684e-14
1.066250000000000142e+01 3.796462932412207891e-01 2.057503956886480978e-13
1.068750000000000178e+01 3.808940003875025959e-01 4.276966833925497404e-13
1.071250000000000213e+01 3.818416284176902042e-01 8.806356478132760409e-13
1.073750000000000071e+01 3.824883065004005545e-01 1.796070543400745555e-12
1.076250000000000107e+01 3.828334461322854820e-01 3.628426604705858147e-12
1.078750000000000142e+01 3.828767345815500822e-01 7.260753476595948584e-12
1.081250000000000178e+01 3.826181313743036161e-01 1.439174670962814005e-11
1.083750000000000213e+01 3.820578678565840214e-01 2.825617404490780937e-11
1.086250000000000071e+01 3.811964498361604115e-01 5.495159562010720176e-11
1.088750000000000107e+01 3.800346632795331692e-01 1.058553772122353879e-10
1.091250000000000142e+01 3.785735830103968969e-01 2.019804214824657205e-10
1.093750000000000178e+01 3.768145843257758587e-01 3.817393500367574938e-10
1.096250000000000213e+01 3.747593574146012574e-01 7.146328431274163278e-10
1.098750000000000071e+01 3.724099244302228051e-01 1.325116293751493710e-09
1.101250000000000107e+01 3.697686590328598810e-01 2.433750818775102811e-09
1.103750000000000142e+01 3.668383081798682888e-01 4.427361260434870903e-09
1.106250000000000178e+01 3.636220159005978392e-01 7.977296196674638994e-09
1.108750000000000213e+01 3.601233487481934614e-01 1.423649560468456705e-08
1.111250000000000071e+01 3.563463225725822525e-01 2.516409829203129877e-08
1.113750000000000107e+01 3.522954302067594079e-01 4.405390153004397275e-08
1.116250000000000142e+01 3.479756696019059015e-01 7.638454988028482428e-08
1.118750000000000178e+01 3.433925718854244358e-01 1.311709973922629624e-07
1.121250000000000213e+01 3.385522287491996574e-01 2.230868049622535104e-07
1.123750000000000071e+01 3.334613185028187932e-01 3.757560256694677410e-07
1.126250000000000107e+01 3.281271300478901809e-01 6.267955683012885517e-07
1.128750000000000142e+01 3.225575839450385840e-01 1.035440918317898090e-06
1.131250000000000178e+01 3.167612496554867985e-01 1.693929785074881249e-06
1.133750000000000213e+01 3.107473579464633540e-01 2.744271623066536774e-06
1.136250000000000071e+01 3.045258073579975577e-01 4.402618444055733483e-06
1.138750000000000107e+01 2.981071635448534485e-01 6.994193694220416697e-06
1.141250000000000142e+01 2.915026502420000054e-01 1.100264372643190625e-05
1.143750000000000178e+01 2.847241305704427128e-01 1.713874907395562886e-05
1.146250000000000213e+01 2.777840774233400478e-01 2.643464591766408626e-05
1.148750000000000071e+01 2.706955317766601699e-01 4.037100332332239482e-05
1.151250000000000107e+01 2.634720479861507592e-01 6.104587340265011232e-05
1.153750000000000142e+01 2.561276254984991563e-01 9.139501294285054186e-05
1.156250000000000178e+01 2.486766269548723318e-01 1.354741255910605388e-04
1.158750000000000213e+01 2.411336834302402199e-01 1.988133687824494790e-04
1.161250000000000071e+01 2.335135885504107389e-01 2.888531976448159263e-04
1.163750000000000107e+01 2.258311844578805849e-01 4.154676886000106557e-04
1.166250000000000142e+01 2.181012440233251748e-01 5.915763538810387464e-04
1.168750000000000178e+01 2.103383552457596950e-01 8.338375745335442537e-04
1.171250000000000213e+01 2.025568153239586111e-01 1.163405666258542645e-03
1.173750000000000071e+01 1.947705432300230188e-01 1.606718960456427966e-03
1.176250000000000107e+01 1.869930205308039384e-01 2.196268187987758524e-03
1.178750000000000142e+01 1.792372703923719446e-01 2.971273494161641698e-03
1.181250000000000178e+01 1.715158838459138746e-01 3.978175958035584485e-03
1.183750000000000213e+01 1.638411001768724229e-01 5.270827898298992113e-03
1.186250000000000071e+01 1.562249444724915504e-01 6.910249039785566587e-03
1.188750000000000107e+01 1.486794198159372693e-01 8.963807473618905231e-03
1.191250000000000142e+01 1.412167444710931419e-01 1.150369085140303185e-02
1.193750000000000178e+01 1.338496161163376663e-01 1.460456020058842341e-02
1.196250000000000213e+01 1.265914766238536160e-01 1.834033093060229852e-02
1.198750000000000249e+01 1.194567433388564331e-01 2.278010511690519574e-02
1.201250000000000107e+01 1.124609679302360360e-01 2.798338343645636814e-02
1.203750000000000142e+01 1.056208834121157014e-01 3.399480523324611980e-02
1.206250000000000178e+01 9.895430535180516074e-02 4.083878509108529453e-02
1.208750000000000213e+01 9.247986529422456969e-02 4.851451205780606124e-02
1.211250000000000249e+01 8.621657251875765315e-02 5.699182905921532788e-02
1.213750000000000107e+01 8.018322236709146678e-02 6.620849427967745449e-02
1.216250000000000142e+01 7.439769211456485898e-02 7.606923273923725526e-02
1.218750000000000178e+01 6.887618447926874277e-02 8.644681991195687920e-02
1.221250000000000213e+01 6.363249033755083439e-02 9.718522228392771634e-02
1.223750000000000249e+01 5.867734330372256779e-02 1.081045884267945595e-01
1.226250000000000107e+01 5.401792894186312199e-02 1.190076803094746588e-01
1.228750000000000142e+01 4.965759231273342289e-02 1.296871950281865415e-01
1.231250000000000178e+01 4.559576305791081946e-02 1.399333742595167962e-01
1.233750000000000213e+01 4.182809193808612047e-02 1.495413353638927467e-01
1.236250000000000249e+01 3.834677102481007238e-02 1.583176683562392550e-01
1.238750000000000107e+01 3.514099465449285753e-02 1.660859983408267682e-01
1.241250000000000142e+01 3.219751106649071382e-02 1.726913805580752304e-01
1.243750000000000178e+01 2.950121492303257875e-02 1.780035455427861901e-01
1.246250000000000213e+01 2.703573697118271529e-02 1.819191244468413016e-01
1.248750000000000249e+01 2.478399669882680456e-02 1.843630493142439097e-01
1.251250000000000107e+01 2.272869472193462734e-02 1.852893395291132506e-01
1.253750000000000142e+01 2.085273201569489560e-02 1.846814602147649476e-01
1.256250000000000178e+01 1.913955178064149013e-02 1.825523814750264207e-01
1.258750000000000213e+01 1.757340614337441972e-02 1.789443911850260582e-01
1.261250000000000249e+01 1.613955395437564888e-02 1.739286310976185523e-01
1.263750000000000107e+01 1.482439792738425750e-02 1.676042487553854043e-01
1.266250000000000142e+01 1.361556972221090837e-02 1.600969982378163958e-01
1.268750000000000178e+01 1.250197083825525628e-02 1.515570926473785163e-01
1.271250000000000213e+01 1.147377588837844228e-02 1.421561202902109355e-01
1.273750000000000249e+01 1.052240343488308055e-02 1.320828909918158600e-01
1.276250000000000107e+01 9.640458469023232765e-03 1.215381790354551489e-01
1.278750000000000142e+01 8.821650053376704423e-03 1.107284664263619434e-01
1.281250000000000178e+01 8.060687719492705405e-03 9.985894652762161705e-02
1.283750000000000213e+01 7.353160852003864240e-03 8.912619721436924880e-02
1.286250000000000249e+01 6.695406272164364930e-03 7.871104421568263232e-02
1.288750000000000107e+01 6.084370230119375347e-03 6.877218186377036246e-02
1.291250000000000142e+01 5.517471671260210965e-03 5.944108327282640603e-02
1.293750000000000178e+01 4.992473670225984830e-03 5.081861470398995467e-02
1.296250000000000213e+01 4.507369186668813872e-03 4.297358724970431337e-02
1.298750000000000249e+01 4.060285837295183123e-03 3.594326501442726002e-02
