# t[Gyr], fraction_in_stars&remnants_thin.d
1.250000000000000069e-02 6.482120016056639455e-01
3.750000000000000555e-02 6.478242298504637287e-01
6.250000000000001388e-02 6.478246045526601105e-01
8.750000000000000833e-02 6.475966261926766609e-01
1.125000000000000167e-01 6.474223046187261854e-01
1.375000000000000389e-01 6.474226817640618137e-01
1.625000000000000333e-01 6.474230597304898582e-01
1.875000000000000555e-01 6.469898953912771589e-01
2.125000000000000500e-01 6.469902750100814393e-01
2.375000000000000444e-01 6.469906554602109505e-01
2.625000000000000666e-01 6.494509797024047293e-01
2.875000000000000888e-01 6.494513618255642884e-01
3.125000000000000555e-01 6.494517447904709639e-01
3.375000000000000777e-01 6.490346864957977635e-01
3.625000000000000999e-01 6.490350711547703266e-01
3.875000000000000666e-01 6.490354566661051816e-01
4.125000000000000888e-01 6.490358430333846851e-01
4.375000000000001110e-01 6.486883725476337847e-01
4.625000000000000777e-01 6.486887606376378068e-01
4.875000000000000999e-01 6.486891495944669961e-01
5.125000000000000666e-01 6.486895394217933042e-01
5.375000000000000888e-01 6.486899301233119974e-01
5.625000000000001110e-01 6.482735503632767182e-01
5.875000000000000222e-01 6.482739428243575741e-01
6.125000000000000444e-01 6.482743361708553920e-01
6.375000000000000666e-01 6.482747304065588079e-01
6.625000000000000888e-01 6.482751255352805497e-01
6.875000000000001110e-01 6.482755215608573263e-01
7.125000000000001332e-01 6.507818598629719897e-01
7.375000000000000444e-01 6.507822576938663284e-01
7.625000000000000666e-01 6.507826564332724883e-01
7.875000000000000888e-01 6.507830560851257662e-01
8.125000000000001110e-01 6.507834566533865495e-01
8.375000000000001332e-01 6.507838581420403168e-01
8.625000000000001554e-01 6.503834538240259588e-01
8.875000000000001776e-01 6.503838571655254919e-01
9.125000000000000888e-01 6.503842614395294319e-01
9.375000000000001110e-01 6.503846666501270635e-01
9.625000000000001332e-01 6.503850728014339833e-01
9.875000000000001554e-01 6.503854798975927665e-01
1.012500000000000178e+00 6.503858879427725226e-01
1.037500000000000089e+00 6.500556070127616604e-01
1.062500000000000222e+00 6.500560169686000478e-01
1.087500000000000133e+00 6.500564278861309386e-01
1.112500000000000266e+00 6.500568397696336875e-01
1.137500000000000178e+00 6.500572526234154047e-01
1.162500000000000089e+00 6.500576664518118442e-01
1.187500000000000222e+00 6.500580812591871815e-01
1.212500000000000133e+00 6.496584516821197752e-01
1.237500000000000266e+00 6.496588684606610098e-01
1.262500000000000178e+00 6.525253524269060135e-01
1.287500000000000311e+00 6.525257711944190131e-01
1.312500000000000222e+00 6.525261909631692170e-01
1.337500000000000133e+00 6.525266117376975483e-01
1.362500000000000266e+00 6.525270335225754614e-01
1.387500000000000178e+00 6.525274563224048308e-01
1.412500000000000311e+00 6.522132548720889211e-01
1.437500000000000222e+00 6.522136797157511712e-01
1.462500000000000133e+00 6.522141055883572403e-01
1.487500000000000266e+00 6.522145324946346800e-01
1.512500000000000178e+00 6.522149604393427946e-01
1.537500000000000311e+00 6.522153894272730845e-01
1.562500000000000222e+00 6.522158194632498018e-01
1.587500000000000355e+00 6.522162505521301723e-01
1.612500000000000266e+00 6.522166826988046173e-01
1.637500000000000178e+00 6.519031078589245798e-01
1.662500000000000311e+00 6.519035421359923310e-01
1.687500000000000222e+00 6.519039774857274816e-01
1.712500000000000355e+00 6.519044139131561222e-01
1.737500000000000266e+00 6.519048514233392044e-01
1.762500000000000400e+00 6.519052900213726520e-01
1.787500000000000311e+00 6.519057297123880268e-01
1.812500000000000222e+00 6.519061705015523067e-01
1.837500000000000355e+00 6.519066123940684410e-01
1.862500000000000266e+00 6.544025318141128977e-01
1.887500000000000400e+00 6.544029759290881376e-01
1.912500000000000311e+00 6.544034211632442366e-01
1.937500000000000222e+00 6.544038675219316925e-01
1.962500000000000355e+00 6.544043150105389728e-01
1.987500000000000266e+00 6.544047636344921814e-01
2.012500000000000622e+00 6.544052133992563913e-01
2.037500000000000533e+00 6.544056643103353110e-01
2.062500000000000444e+00 6.544061163732715070e-01
2.087500000000000799e+00 6.541084885499155455e-01
2.112500000000000711e+00 6.541089429333534211e-01
2.137500000000000622e+00 6.541093984855158583e-01
2.162500000000000533e+00 6.541098552121058507e-01
2.187500000000000444e+00 6.541103131188679143e-01
2.212500000000000799e+00 6.541107722115875323e-01
2.237500000000000711e+00 6.541112324960923763e-01
2.262500000000000622e+00 6.541116939782520845e-01
2.287500000000000533e+00 6.541121566639791496e-01
2.312500000000000444e+00 6.541126205592290299e-01
2.337500000000000799e+00 6.541130856700005936e-01
2.362500000000000711e+00 6.566938135358849626e-01
2.387500000000000622e+00 6.566942810958729115e-01
2.412500000000000533e+00 6.566947498896444912e-01
2.437500000000000444e+00 6.566952199233767606e-01
2.462500000000000799e+00 6.566956912032924087e-01
2.487500000000000711e+00 6.566961637356603099e-01
2.512500000000000622e+00 6.566966375267956346e-01
2.537500000000000533e+00 6.566971125830607381e-01
2.562500000000000888e+00 6.566975889108651598e-01
2.587500000000000799e+00 6.566980665166666231e-01
2.612500000000000711e+00 6.566985454069711459e-01
2.637500000000000622e+00 6.564168969544954546e-01
2.662500000000000533e+00 6.564173784335197714e-01
2.687500000000000888e+00 6.564178612168602989e-01
2.712500000000000799e+00 6.564183453112212296e-01
2.737500000000000711e+00 6.564188307233578268e-01
2.762500000000000622e+00 6.564193174600765346e-01
2.787500000000000533e+00 6.564198055282359778e-01
2.812500000000000888e+00 6.564202949347468508e-01
2.837500000000000799e+00 6.564207856865730273e-01
2.862500000000000711e+00 6.592832753529378476e-01
2.887500000000000622e+00 6.592837688164998600e-01
2.912500000000000533e+00 6.590863026641675670e-01
2.937500000000000888e+00 6.590867988679691702e-01
2.962500000000000799e+00 6.590872964527173528e-01
2.987500000000000711e+00 6.590877954257050586e-01
3.012500000000000622e+00 6.590882957942817422e-01
3.037500000000000977e+00 6.590887975658544784e-01
3.062500000000000888e+00 6.590893007478881849e-01
3.087500000000000799e+00 6.590898053479065100e-01
3.112500000000000711e+00 6.590903113734922769e-01
3.137500000000000622e+00 6.590908188322881500e-01
3.162500000000000977e+00 6.590913277319969676e-01
3.187500000000000888e+00 6.590918380803831855e-01
3.212500000000000799e+00 6.588496255912836830e-01
3.237500000000000711e+00 6.588501388605645381e-01
3.262500000000000622e+00 6.588506536021883075e-01
3.287500000000000977e+00 6.616950532526759687e-01
3.312500000000000888e+00 6.616955709630946147e-01
3.337500000000000799e+00 6.616960901700948972e-01
3.362500000000000711e+00 6.616966108818869152e-01
3.387500000000000622e+00 6.616971331067476036e-01
3.412500000000000977e+00 6.616976568530205105e-01
3.437500000000000888e+00 6.616981821291175736e-01
3.462500000000000799e+00 6.616987089435190095e-01
3.487500000000000711e+00 6.616992373047745346e-01
3.512500000000001066e+00 6.615328429062732329e-01
3.537500000000000977e+00 6.615333743871675276e-01
3.562500000000000888e+00 6.615339074409888331e-01
3.587500000000000799e+00 6.615344420765719713e-01
3.612500000000000711e+00 6.615349783028250386e-01
3.637500000000001066e+00 6.615355161287299612e-01
3.662500000000000977e+00 6.615360555633436057e-01
3.687500000000000888e+00 6.615365966157986666e-01
3.712500000000000799e+00 6.615371392953042218e-01
3.737500000000000711e+00 6.615376836111466208e-01
3.762500000000001066e+00 6.615382295726903727e-01
3.787500000000000977e+00 6.643582842127576660e-01
3.812500000000000888e+00 6.641966910061074536e-01
3.837500000000000799e+00 6.641972419617387935e-01
3.862500000000000711e+00 6.641977946013297718e-01
3.887500000000001066e+00 6.641983489346495739e-01
3.912500000000000977e+00 6.641989049715507631e-01
3.937500000000000888e+00 6.641994627219707237e-01
3.962500000000000799e+00 6.642000221959319939e-01
3.987500000000001155e+00 6.642005834035441536e-01
4.012500000000001066e+00 6.642011463550039352e-01
4.037500000000000533e+00 6.642017110605964447e-01
4.062500000000000888e+00 6.642022775306968274e-01
4.087500000000001243e+00 6.642028457757704896e-01
4.112500000000000711e+00 6.642034158063740978e-01
4.137500000000001066e+00 6.668424864588939904e-01
4.162500000000001421e+00 6.668430600926009699e-01
4.187500000000000888e+00 6.668436355440693353e-01
4.212500000000001243e+00 6.668442128242335620e-01
4.237500000000000711e+00 6.668447919441247151e-01
4.262500000000001066e+00 6.668453729148724474e-01
4.287500000000001421e+00 6.668459557477056654e-01
4.312500000000000888e+00 6.668465404539536401e-01
4.337500000000001243e+00 6.668471270450475608e-01
4.362500000000000711e+00 6.668477155325216454e-01
4.387500000000001066e+00 6.668483059280140290e-01
4.412500000000001421e+00 6.668488982432684287e-01
4.437500000000000888e+00 6.668494924901351428e-01
4.462500000000001243e+00 6.668500886805727168e-01
4.487500000000000711e+00 6.666938832851053709e-01
4.512500000000001066e+00 6.666944833989978392e-01
4.537500000000001421e+00 6.694722137505453308e-01
4.562500000000000888e+00 6.694728178370549232e-01
4.587500000000001243e+00 6.694734239285927702e-01
4.612500000000000711e+00 6.694740320377932097e-01
4.637500000000001066e+00 6.694746421774078193e-01
4.662500000000001421e+00 6.694752543603076367e-01
4.687500000000000888e+00 6.694758685994834924e-01
4.712500000000001243e+00 6.694764849080485636e-01
4.737500000000000711e+00 6.694771032992393733e-01
4.762500000000001066e+00 6.694777237864173447e-01
4.787500000000001421e+00 6.694783463830704662e-01
4.812500000000000888e+00 6.693268638075255961e-01
4.837500000000001243e+00 6.693274906641073496e-01
4.862500000000000711e+00 6.693281196714033765e-01
4.887500000000001066e+00 6.693287508434242472e-01
4.912500000000001421e+00 6.693293841943149802e-01
4.937500000000000888e+00 6.720849159813325757e-01
4.962500000000001243e+00 6.720855537329455398e-01
4.987500000000000711e+00 6.720861937066890945e-01
5.012500000000001066e+00 6.720868359172645912e-01
5.037500000000001421e+00 6.720874803795171548e-01
5.062500000000000888e+00 6.720881271084371278e-01
5.087500000000001243e+00 6.720887761191622900e-01
5.112500000000001599e+00 6.720894274269796353e-01
5.137500000000001066e+00 6.720900810473274811e-01
5.162500000000001421e+00 6.719431700630845716e-01
5.187500000000000888e+00 6.719438283554226565e-01
5.212500000000001243e+00 6.719444890075330079e-01
5.237500000000001599e+00 6.719451520354788876e-01
5.262500000000001066e+00 6.719458174554848728e-01
5.287500000000001421e+00 6.719464852839391877e-01
5.312500000000000888e+00 6.746804804153269108e-01
5.337500000000001243e+00 6.746811531105076920e-01
5.362500000000001599e+00 6.746818282643050058e-01
5.387500000000001066e+00 6.746825058937835351e-01
5.412500000000001421e+00 6.746831860161830452e-01
5.437500000000000888e+00 6.746838686489202708e-01
5.462500000000001243e+00 6.746845538095920247e-01
5.487500000000001599e+00 6.746852415159768634e-01
5.512500000000001066e+00 6.745428700152378276e-01
5.537500000000001421e+00 6.745435628671261341e-01
5.562500000000000888e+00 6.745442583191818553e-01
5.587500000000001243e+00 6.745449563899375001e-01
5.612500000000001599e+00 6.745456570981208655e-01
5.637500000000001066e+00 6.772587432453391898e-01
5.662500000000001421e+00 6.772594492853548642e-01
5.687500000000000888e+00 6.772601580201791371e-01
5.712500000000001243e+00 6.772608694693474929e-01
5.737500000000001599e+00 6.772615836526048039e-01
5.762500000000001066e+00 6.772623005899077731e-01
5.787500000000001421e+00 6.772630203014284866e-01
5.812500000000000888e+00 6.772637428075571897e-01
5.837500000000001243e+00 6.772644681289051727e-01
5.862500000000001599e+00 6.772651962863085462e-01
5.887500000000001066e+00 6.771273364658290106e-01
5.912500000000001421e+00 6.771280703587654326e-01
5.937500000000000888e+00 6.798208477216572954e-01
5.962500000000001243e+00 6.798215874362469879e-01
5.987500000000001599e+00 6.798223300945549497e-01
6.012500000000001066e+00 6.798230757188347129e-01
6.037500000000001421e+00 6.798238243315876117e-01
6.062500000000001776e+00 6.798245759555676671e-01
6.087500000000001243e+00 6.798253306137842511e-01
6.112500000000001599e+00 6.798260883295069723e-01
6.137500000000001066e+00 6.798268491262686730e-01
6.162500000000001421e+00 6.798276130278697593e-01
6.187500000000001776e+00 6.798283800583823089e-01
6.212500000000001243e+00 6.798291502421540677e-01
6.237500000000001599e+00 6.823680410709532795e-01
6.262500000000001066e+00 6.823688176354102408e-01
6.287500000000001421e+00 6.823695974278657372e-01
6.312500000000001776e+00 6.823703804738128209e-01
6.337500000000001243e+00 6.823711667990419727e-01
6.362500000000001599e+00 6.823719564296457651e-01
6.387500000000001066e+00 6.823727493920233034e-01
6.412500000000001421e+00 6.823735457128849990e-01
6.437500000000001776e+00 6.823743454192581215e-01
6.462500000000001243e+00 6.823751485384906834e-01
6.487500000000001599e+00 6.823759550982575472e-01
6.512500000000001066e+00 6.823767651265647549e-01
6.537500000000001421e+00 6.823775786517553010e-01
6.562500000000001776e+00 6.823783957025143510e-01
6.587500000000001243e+00 6.823792163078747919e-01
6.612500000000001599e+00 6.856012202199210925e-01
6.637500000000001066e+00 6.856020480230009539e-01
6.662500000000001421e+00 6.856028794699229323e-01
6.687500000000001776e+00 6.856037145911670905e-01
6.712500000000001243e+00 6.856045534175907452e-01
6.737500000000001599e+00 6.856053959804336850e-01
6.762500000000001066e+00 6.856062423113251647e-01
6.787500000000001421e+00 6.856070924422897894e-01
6.812500000000001776e+00 6.856079464057547312e-01
6.837500000000001243e+00 6.888593126895299346e-01
6.862500000000001599e+00 6.888601744169184915e-01
6.887500000000001954e+00 6.888610400765688979e-01
6.912500000000001421e+00 6.888619097025849847e-01
6.937500000000001776e+00 6.888627833295081215e-01
6.962500000000001243e+00 6.888636609923238785e-01
6.987500000000001599e+00 6.887476838024660930e-01
7.012500000000001954e+00 6.887485696438400140e-01
7.037500000000001421e+00 6.887494596288072923e-01
7.062500000000001776e+00 6.919797961807043762e-01
7.087500000000001243e+00 6.919806945638659057e-01
7.112500000000001599e+00 6.919815972026048811e-01
7.137500000000001954e+00 6.919825041352405393e-01
7.162500000000001421e+00 6.919834154006015980e-01
7.187500000000001776e+00 6.919843310380360268e-01
7.212500000000001243e+00 6.919852510874199281e-01
7.237500000000001599e+00 6.919861755891668631e-01
7.262500000000001954e+00 6.919871045842376223e-01
7.287500000000001421e+00 6.919880381141499948e-01
7.312500000000001776e+00 6.919889762209887607e-01
7.337500000000001243e+00 6.919899189474162382e-01
7.362500000000001599e+00 6.919908663366821644e-01
7.387500000000001954e+00 6.950904550193224285e-01
7.412500000000001421e+00 6.950914118664206498e-01
7.437500000000001776e+00 6.950923735097429557e-01
7.462500000000001243e+00 6.950933399950003366e-01
7.487500000000001599e+00 6.950943113685481567e-01
7.512500000000001954e+00 6.950952876773975886e-01
7.537500000000001421e+00 6.950962689692284924e-01
7.562500000000001776e+00 6.950972552924014058e-01
7.587500000000001243e+00 6.982813033645447476e-01
7.612500000000001599e+00 6.982822998982727292e-01
7.637500000000001954e+00 6.982833016126417380e-01
7.662500000000001421e+00 6.982843085588683607e-01
7.687500000000001776e+00 6.982853207889184732e-01
7.712500000000001243e+00 6.982863383555205639e-01
7.737500000000001599e+00 6.982873613121816092e-01
7.762500000000001954e+00 7.014272342576088892e-01
7.787500000000001421e+00 7.014282681580970014e-01
7.812500000000001776e+00 7.014293076139870298e-01
7.837500000000002132e+00 7.014303526820542256e-01
7.862500000000001599e+00 7.014314034199317094e-01
7.887500000000001954e+00 7.014324598861281235e-01
7.912500000000001421e+00 7.014335221400449516e-01
7.937500000000001776e+00 7.014345902419943934e-01
7.962500000000002132e+00 7.014356642532185715e-01
7.987500000000001599e+00 7.014367442359079607e-01
8.012500000000001066e+00 7.045767970574752237e-01
8.037500000000001421e+00 7.045778891735585692e-01
8.062500000000000000e+00 7.045789874535672848e-01
8.087500000000000355e+00 7.045800919636862059e-01
8.112500000000000711e+00 7.045812027711511050e-01
8.137500000000001066e+00 7.044967407272356708e-01
8.162500000000001421e+00 7.076184735297535999e-01
8.187500000000000000e+00 7.076196036435199455e-01
8.212500000000000355e+00 7.076207403345399216e-01
8.237500000000000711e+00 7.076218836756498209e-01
8.262500000000001066e+00 7.076230337408790927e-01
8.287500000000001421e+00 7.076241906054764330e-01
8.312500000000001776e+00 7.076253543459365414e-01
8.337500000000000355e+00 7.076265250400273210e-01
8.362500000000000711e+00 7.076277027668181896e-01
8.387500000000001066e+00 7.076288876067085010e-01
8.412500000000001421e+00 7.107270726935306371e-01
8.437500000000001776e+00 7.107282720062899628e-01
8.462500000000000355e+00 7.107294786816311660e-01
8.487500000000000711e+00 7.107306928055807660e-01
8.512500000000001066e+00 7.107319144656529808e-01
8.537500000000001421e+00 7.137391201658412898e-01
8.562500000000001776e+00 7.137403571668222702e-01
8.587500000000000355e+00 7.137416019757392149e-01
8.612500000000000711e+00 7.137428546864077461e-01
8.637500000000001066e+00 7.137441153943115957e-01
8.662500000000001421e+00 7.137453841966427959e-01
8.687500000000001776e+00 7.137466611923410920e-01
8.712500000000000355e+00 7.137479464821367969e-01
8.737500000000000711e+00 7.137492401685934240e-01
8.762500000000001066e+00 7.168075169279641834e-01
8.787500000000001421e+00 7.168088277229882621e-01
8.812500000000001776e+00 7.168101472338122004e-01
8.837500000000000355e+00 7.168114755707888364e-01
8.862500000000000711e+00 7.168128128463396864e-01
8.887500000000001066e+00 7.168141591750061270e-01
8.912500000000001421e+00 7.198676285757334981e-01
8.937500000000001776e+00 7.198689933630038063e-01
8.962500000000000355e+00 7.198703675602748930e-01
8.987500000000000711e+00 7.198717512911170235e-01
9.012500000000001066e+00 7.198731446815032076e-01
9.037500000000001421e+00 7.198745478598720382e-01
9.062500000000001776e+00 7.232260618304371391e-01
9.087500000000000355e+00 7.232274849802690087e-01
9.112500000000000711e+00 7.232289183188405080e-01
9.137500000000001066e+00 7.232303619851128129e-01
9.162500000000001421e+00 7.232318161208539653e-01
9.187500000000001776e+00 7.232332808707152561e-01
9.212500000000000355e+00 7.232347563823080527e-01
9.237500000000000711e+00 7.265302664648422004e-01
9.262500000000001066e+00 7.265317639549804252e-01
9.287500000000001421e+00 7.265332726682675046e-01
9.312500000000001776e+00 7.296972397477989869e-01
9.337500000000000355e+00 7.296987713916375240e-01
9.362500000000000711e+00 7.297003147497577169e-01
9.387500000000001066e+00 7.297018699929120888e-01
9.412500000000001421e+00 7.297034372955414350e-01
9.437500000000001776e+00 7.297050168358809596e-01
9.462500000000000355e+00 7.297066087960697445e-01
9.487500000000000711e+00 7.328254554124257192e-01
9.512500000000001066e+00 7.328270727749197633e-01
9.537500000000001421e+00 7.328287031282629815e-01
9.562500000000001776e+00 7.328303466713905756e-01
9.587500000000000355e+00 7.328320036077533572e-01
9.612500000000000711e+00 7.328336741454546388e-01
9.637500000000001066e+00 7.358669498503699336e-01
9.662500000000001421e+00 7.358686482343802515e-01
9.687500000000001776e+00 7.358703608733954127e-01
9.712500000000000355e+00 7.388730425815802638e-01
9.737500000000000711e+00 7.388747844205703075e-01
9.762500000000001066e+00 7.388765412155344769e-01
9.787500000000001421e+00 7.388783132114246088e-01
9.812500000000001776e+00 7.388801006591434462e-01
9.837500000000000355e+00 7.388819038157357078e-01
9.862500000000000711e+00 7.417592202398741730e-01
9.887500000000001066e+00 7.417610556109278663e-01
9.912500000000001421e+00 7.417629075008884687e-01
9.937500000000001776e+00 7.417647761934568207e-01
9.962500000000000355e+00 7.417666619795625360e-01
9.987500000000000711e+00 7.445681515588201682e-01
1.001250000000000107e+01 7.445700724349439970e-01
1.003750000000000142e+01 7.445720113232755510e-01
1.006250000000000178e+01 7.445739685462209323e-01
1.008750000000000213e+01 7.473693740103921623e-01
1.011250000000000071e+01 7.473713689043480768e-01
1.013750000000000107e+01 7.473733831527539229e-01
1.016250000000000142e+01 7.500364884602030990e-01
1.018750000000000178e+01 7.500385425029902908e-01
1.021250000000000213e+01 7.500406170057923871e-01
1.023750000000000071e+01 7.500427123578334854e-01
1.026250000000000107e+01 7.500448289593333318e-01
1.028750000000000142e+01 7.526404386132056201e-01
1.031250000000000178e+01 7.526425989603549027e-01
1.033750000000000213e+01 7.526447818278353408e-01
1.036250000000000071e+01 7.526469876641905810e-01
1.038750000000000107e+01 7.551776238384335649e-01
1.041250000000000142e+01 7.551798770117823523e-01
1.043750000000000178e+01 7.551821545813915959e-01
1.046250000000000213e+01 7.551844570521413225e-01
1.048750000000000071e+01 7.577166472664005337e-01
1.051250000000000107e+01 7.577190011168229988e-01
1.053750000000000142e+01 7.603218497262900222e-01
1.056250000000000178e+01 7.603242571707282682e-01
1.058750000000000213e+01 7.603266922868802125e-01
1.061250000000000071e+01 7.628667272914985142e-01
1.063750000000000107e+01 7.628692195958443056e-01
1.066250000000000142e+01 7.628717414573085165e-01
1.068750000000000178e+01 7.628742935464913888e-01
1.071250000000000213e+01 7.653537989476271175e-01
1.073750000000000071e+01 7.653564135956020253e-01
1.076250000000000107e+01 7.653590606230349369e-01
1.078750000000000142e+01 7.677801557479259076e-01
1.081250000000000178e+01 7.677828698638163862e-01
1.083750000000000213e+01 7.677856187441330915e-01
1.086250000000000071e+01 7.677884032414937776e-01
1.088750000000000107e+01 7.702963519222573163e-01
1.091250000000000142e+01 7.726066433860782068e-01
1.093750000000000178e+01 7.726095401693133802e-01
1.096250000000000213e+01 7.726124763070750801e-01
1.098750000000000071e+01 7.748702291165717737e-01
1.101250000000000107e+01 7.748732470764715385e-01
1.103750000000000142e+01 7.748763075855128468e-01
1.106250000000000178e+01 7.770833077734831118e-01
1.108750000000000213e+01 7.770864568770520231e-01
1.111250000000000071e+01 7.792443653378213764e-01
1.113750000000000107e+01 7.792476080191066412e-01
1.116250000000000142e+01 7.792508994885334328e-01
1.118750000000000178e+01 7.813613945921625836e-01
1.121250000000000213e+01 7.813647879236228500e-01
1.123750000000000071e+01 7.834924622575468733e-01
1.126250000000000107e+01 7.857178551423067425e-01
1.128750000000000142e+01 7.857214129450839080e-01
1.131250000000000178e+01 7.857250289699713175e-01
1.133750000000000213e+01 7.877626305800000672e-01
1.136250000000000071e+01 7.877663686257136977e-01
1.138750000000000107e+01 7.897610824590594047e-01
1.141250000000000142e+01 7.897649505615299548e-01
1.143750000000000178e+01 7.917181309267981026e-01
1.146250000000000213e+01 7.917221379257745051e-01
1.148750000000000071e+01 7.936350845067574600e-01
1.151250000000000107e+01 7.936392401554975828e-01
1.153750000000000142e+01 7.955455899261015817e-01
1.156250000000000178e+01 7.955499050203012068e-01
1.158750000000000213e+01 7.974178106982784398e-01
1.161250000000000071e+01 7.992483543015855840e-01
1.163750000000000107e+01 7.992529314680762997e-01
1.166250000000000142e+01 8.011912459992041047e-01
1.168750000000000178e+01 8.029504720731802658e-01
1.171250000000000213e+01 8.046755638940088495e-01
1.173750000000000071e+01 8.046805410442930961e-01
1.176250000000000107e+01 8.063726025678729092e-01
1.178750000000000142e+01 8.080324840312523849e-01
1.181250000000000178e+01 8.096611061221100636e-01
1.183750000000000213e+01 8.096665550117024823e-01
1.186250000000000071e+01 8.113273986938798199e-01
1.188750000000000107e+01 8.129575676871880763e-01
1.191250000000000142e+01 8.145579182181755806e-01
1.193750000000000178e+01 8.145639312968083745e-01
1.196250000000000213e+01 8.161354478418734182e-01
1.198750000000000249e+01 8.176787766286456316e-01
1.201250000000000107e+01 8.191946874481691454e-01
1.203750000000000142e+01 8.222095842772046970e-01
1.206250000000000178e+01 8.236473973395840309e-01
1.208750000000000213e+01 8.250606093126002794e-01
1.211250000000000249e+01 8.264498697034253771e-01
1.213750000000000107e+01 8.278158074517968368e-01
1.216250000000000142e+01 8.292121971548843673e-01
1.218750000000000178e+01 8.319281968465659372e-01
1.221250000000000213e+01 8.332570184340205577e-01
1.223750000000000249e+01 8.345645414992635125e-01
1.226250000000000107e+01 8.371085655173993167e-01
1.228750000000000142e+01 8.383550365196386078e-01
1.231250000000000178e+01 8.407807200388219826e-01
1.233750000000000213e+01 8.419705231894726305e-01
1.236250000000000249e+01 8.442861475400909033e-01
1.238750000000000107e+01 8.465324878608004866e-01
1.241250000000000142e+01 8.487126924762788960e-01
1.243750000000000178e+01 8.520567606460043297e-01
1.246250000000000213e+01 8.541877756516792486e-01
1.248750000000000249e+01 8.562593994179478196e-01
1.251250000000000107e+01 8.592538014486467146e-01
1.253750000000000142e+01 8.611875144401133220e-01
1.256250000000000178e+01 8.639850323940561072e-01
1.258750000000000213e+01 8.675411552008300831e-01
1.261250000000000249e+01 8.700944194930757547e-01
1.263750000000000107e+01 8.733461733631235901e-01
1.266250000000000142e+01 8.765074482212467100e-01
1.268750000000000178e+01 8.802729860602144241e-01
1.271250000000000213e+01 8.838251769749234654e-01
1.273750000000000249e+01 8.878262748817066230e-01
1.276250000000000107e+01 8.921751435138006725e-01
1.278750000000000142e+01 8.973468608339699726e-01
1.281250000000000178e+01 9.027110046965043377e-01
1.283750000000000213e+01 9.083775727815441847e-01
1.286250000000000249e+01 9.150568377767698269e-01
1.288750000000000107e+01 9.222703675965228109e-01
1.291250000000000142e+01 9.310218747433944841e-01
1.293750000000000178e+01 9.419258540758432829e-01
1.296250000000000213e+01 9.593147861302644408e-01
1.298750000000000249e+01 1.000000000000000000e+00
