# t[Gyr], SFR_tot/<SFR_tot>
1.250000000000000069e-02 3.505121635320284645e-01
3.750000000000000555e-02 4.797363685023233182e-01
6.250000000000001388e-02 6.139078302973824952e-01
8.750000000000000833e-02 7.488557658453630639e-01
1.125000000000000167e-01 8.812775170268392078e-01
1.375000000000000389e-01 1.008605271446276541e+00
1.625000000000000333e-01 1.128890453992773768e+00
1.875000000000000555e-01 1.323168819107612304e+00
2.125000000000000500e-01 1.476303498192206076e+00
2.375000000000000444e-01 1.611667543141159120e+00
2.625000000000000666e-01 1.732773208291526812e+00
2.875000000000000888e-01 1.840905971189149559e+00
3.125000000000000555e-01 1.936820575790001886e+00
3.375000000000000777e-01 2.021127333791474356e+00
3.625000000000000999e-01 2.094409927737241883e+00
3.875000000000000666e-01 2.157262724224464634e+00
4.125000000000000888e-01 2.210299287737261142e+00
4.375000000000001110e-01 2.254149870670146605e+00
4.625000000000000777e-01 2.289454875947737555e+00
4.875000000000000999e-01 2.316857270455149997e+00
5.125000000000000666e-01 2.336995254671417666e+00
5.375000000000000888e-01 2.350495741854157661e+00
5.625000000000001110e-01 2.357968844811572762e+00
5.875000000000000222e-01 2.360003396502692308e+00
6.125000000000000444e-01 2.357163448473913014e+00
6.375000000000000666e-01 2.349985654319808326e+00
6.625000000000000888e-01 2.338977432096006392e+00
6.875000000000001110e-01 2.324615798635207398e+00
7.125000000000001332e-01 2.307346774014530588e+00
7.375000000000000444e-01 2.287585262716990808e+00
7.625000000000000666e-01 2.265715327512637600e+00
7.875000000000000888e-01 2.242090781757205331e+00
8.125000000000001110e-01 2.217036035127165849e+00
8.375000000000001332e-01 2.190847136501324677e+00
8.625000000000001554e-01 2.163792965634538934e+00
8.875000000000001776e-01 2.136116532410150537e+00
9.125000000000000888e-01 2.108036348816330285e+00
9.375000000000001110e-01 2.079747844407241253e+00
9.625000000000001332e-01 2.051424800936410886e+00
9.875000000000001554e-01 2.023220786146862959e+00
1.012500000000000178e+00 1.995270570431346480e+00
1.037500000000000089e+00 1.967691513295641403e+00
1.062500000000000222e+00 1.940584909324795992e+00
1.087500000000000133e+00 1.914037285717957282e+00
1.112500000000000266e+00 1.888121645470169252e+00
1.137500000000000178e+00 1.862898651982154208e+00
1.162500000000000089e+00 1.838417752310577358e+00
1.187500000000000222e+00 1.814718237466595108e+00
1.212500000000000133e+00 1.791830239160464799e+00
1.237500000000000266e+00 1.769775663202275195e+00
1.262500000000000178e+00 1.748569060427894950e+00
1.287500000000000311e+00 1.728218436546352432e+00
1.312500000000000222e+00 1.708726002719175519e+00
1.337500000000000133e+00 1.690088869000226701e+00
1.362500000000000266e+00 1.672299683000773474e+00
1.387500000000000178e+00 1.655347216311798375e+00
1.412500000000000311e+00 1.639216901324682674e+00
1.437500000000000222e+00 1.623891321152270306e+00
1.462500000000000133e+00 1.609350655373096295e+00
1.487500000000000266e+00 1.595573084309447554e+00
1.512500000000000178e+00 1.582535154511264475e+00
1.537500000000000311e+00 1.570212108057802425e+00
1.562500000000000222e+00 1.558578178212243426e+00
1.587500000000000355e+00 1.547606853874790689e+00
1.612500000000000266e+00 1.537271115180568914e+00
1.637500000000000178e+00 1.527543642482751984e+00
1.662500000000000311e+00 1.518397000850897349e+00
1.687500000000000222e+00 1.509803802101685744e+00
1.712500000000000355e+00 1.501736846265564918e+00
1.737500000000000266e+00 1.494169244279625275e+00
1.762500000000000400e+00 1.487074523585421471e+00
1.787500000000000311e+00 1.480426718201287350e+00
1.812500000000000222e+00 1.474200444732650883e+00
1.837500000000000355e+00 1.468370965681460083e+00
1.862500000000000266e+00 1.462914241317470498e+00
1.887500000000000400e+00 1.457806971280132702e+00
1.912500000000000311e+00 1.453026626990245651e+00
1.937500000000000222e+00 1.448551475865674121e+00
1.962500000000000355e+00 1.444360598255114869e+00
1.987500000000000266e+00 1.440433897928277363e+00
2.012500000000000622e+00 1.436752106889793712e+00
2.037500000000000533e+00 1.433296785217555325e+00
2.062500000000000444e+00 1.430050316563980184e+00
2.087500000000000799e+00 1.426995899900687537e+00
2.112500000000000711e+00 1.424117538033099262e+00
2.137500000000000622e+00 1.421400023361409692e+00
2.162500000000000533e+00 1.418828921317968339e+00
2.187500000000000444e+00 1.416390551868294656e+00
2.212500000000000799e+00 1.414071969423354780e+00
2.237500000000000711e+00 1.411860941474370357e+00
2.262500000000000622e+00 1.409745926227988111e+00
2.287500000000000533e+00 1.407716049488948240e+00
2.312500000000000444e+00 1.405761081009366142e+00
2.337500000000000799e+00 1.403871410498072514e+00
2.362500000000000711e+00 1.402038023460094651e+00
2.387500000000000622e+00 1.400252477015115238e+00
2.412500000000000533e+00 1.398506875824395923e+00
2.437500000000000444e+00 1.396793848238202962e+00
2.462500000000000799e+00 1.395106522759897327e+00
2.487500000000000711e+00 1.393438504908612430e+00
2.512500000000000622e+00 1.391783854549582644e+00
2.537500000000000533e+00 1.390137063749630197e+00
2.562500000000000888e+00 1.388493035205012660e+00
2.587500000000000799e+00 1.386847061279572024e+00
2.612500000000000711e+00 1.385194803682923803e+00
2.637500000000000622e+00 1.383532273811128865e+00
2.662500000000000533e+00 1.381855813765816565e+00
2.687500000000000888e+00 1.380162078062080022e+00
2.712500000000000799e+00 1.378448016030415557e+00
2.737500000000000711e+00 1.376710854913675952e+00
2.762500000000000622e+00 1.374948083656186260e+00
2.787500000000000533e+00 1.373157437378909940e+00
2.812500000000000888e+00 1.371336882531766888e+00
2.837500000000000799e+00 1.369484602711789956e+00
2.862500000000000711e+00 1.367598985133836376e+00
2.887500000000000622e+00 1.365678607738882056e+00
2.912500000000000533e+00 1.363722226923563596e+00
2.937500000000000888e+00 1.361728765873551517e+00
2.962500000000000799e+00 1.359697303482452657e+00
2.987500000000000711e+00 1.357627063837331782e+00
3.012500000000000622e+00 1.355517406251444346e+00
3.037500000000000977e+00 1.353367815824510156e+00
3.062500000000000888e+00 1.351177894510697364e+00
3.087500000000000799e+00 1.348947352674449762e+00
3.112500000000000711e+00 1.346676001114387011e+00
3.137500000000000622e+00 1.344363743535697431e+00
3.162500000000000977e+00 1.342010569451659530e+00
3.187500000000000888e+00 1.339616547495315446e+00
3.212500000000000799e+00 1.337181819122639004e+00
3.237500000000000711e+00 1.334706592689019367e+00
3.262500000000000622e+00 1.332191137881328924e+00
3.287500000000000977e+00 1.329635780488338970e+00
3.312500000000000888e+00 1.327040897492799409e+00
3.337500000000000799e+00 1.324406912468997888e+00
3.362500000000000711e+00 1.321734291270207917e+00
3.387500000000000622e+00 1.319023537990973827e+00
3.412500000000000977e+00 1.316275191189752336e+00
3.437500000000000888e+00 1.313489820358014315e+00
3.462500000000000799e+00 1.310668022622438755e+00
3.487500000000000711e+00 1.307810419667419621e+00
3.512500000000001066e+00 1.304917654865656917e+00
3.537500000000000977e+00 1.301990390605109571e+00
3.562500000000000888e+00 1.299029305801177481e+00
3.587500000000000799e+00 1.296035093583429498e+00
3.612500000000000711e+00 1.293008459146755662e+00
3.637500000000001066e+00 1.289950117757271641e+00
3.662500000000000977e+00 1.286860792903805839e+00
3.687500000000000888e+00 1.283741214586239243e+00
3.712500000000000799e+00 1.280592117732417767e+00
3.737500000000000711e+00 1.277414240735784023e+00
3.762500000000001066e+00 1.274208324106290036e+00
3.787500000000000977e+00 1.270975109227529876e+00
3.812500000000000888e+00 1.267715337213445315e+00
3.837500000000000799e+00 1.264429747858265785e+00
3.862500000000000711e+00 1.261119078673749616e+00
3.887500000000001066e+00 1.257784064008075298e+00
3.912500000000000977e+00 1.254425434241082993e+00
3.937500000000000888e+00 1.251043915050846778e+00
3.962500000000000799e+00 1.247640226746857151e+00
3.987500000000001155e+00 1.244215083665353383e+00
4.012500000000001066e+00 1.240786611706837572e+00
4.037500000000000533e+00 1.237353917108312551e+00
4.062500000000000888e+00 1.233899870924081821e+00
4.087500000000001243e+00 1.230425302134248389e+00
4.112500000000000711e+00 1.226931021545617950e+00
4.137500000000001066e+00 1.223417822157939261e+00
4.162500000000001421e+00 1.219886479522936051e+00
4.187500000000000888e+00 1.216337752096286806e+00
4.212500000000001243e+00 1.212772381582648551e+00
4.237500000000000711e+00 1.209191093273891404e+00
4.262500000000001066e+00 1.205594596380650918e+00
4.287500000000001421e+00 1.201983584357319002e+00
4.312500000000000888e+00 1.198358735220628635e+00
4.337500000000001243e+00 1.194720711861906093e+00
4.362500000000000711e+00 1.191070162353160322e+00
4.387500000000001066e+00 1.187407720247094733e+00
4.412500000000001421e+00 1.183734004871163537e+00
4.437500000000000888e+00 1.180049621615805400e+00
4.462500000000001243e+00 1.176355162216936812e+00
4.487500000000000711e+00 1.172651205032842370e+00
4.512500000000001066e+00 1.168938315315556364e+00
4.537500000000001421e+00 1.165217045476841351e+00
4.562500000000000888e+00 1.161487935348883616e+00
4.587500000000001243e+00 1.157751512439785468e+00
4.612500000000000711e+00 1.154008292183976492e+00
4.637500000000001066e+00 1.150258778187633224e+00
4.662500000000001421e+00 1.146503462469200318e+00
4.687500000000000888e+00 1.142742825695128861e+00
4.712500000000001243e+00 1.138977337410894464e+00
4.737500000000000711e+00 1.135207456267420367e+00
4.762500000000001066e+00 1.131433630242976829e+00
4.787500000000001421e+00 1.127656296860639840e+00
4.812500000000000888e+00 1.123875883401431297e+00
4.837500000000001243e+00 1.120092807113174382e+00
4.862500000000000711e+00 1.116307475415197370e+00
4.887500000000001066e+00 1.112520286098938715e+00
4.912500000000001421e+00 1.108731627524538910e+00
4.937500000000000888e+00 1.104941878813519684e+00
4.962500000000001243e+00 1.101151410037586542e+00
4.987500000000000711e+00 1.097360582403682505e+00
5.012500000000001066e+00 1.093569748435325506e+00
5.037500000000001421e+00 1.089779252150321343e+00
5.062500000000000888e+00 1.085989429234935244e+00
5.087500000000001243e+00 1.082200607214562682e+00
5.112500000000001599e+00 1.078413105621000234e+00
5.137500000000001066e+00 1.074627236156365129e+00
5.162500000000001421e+00 1.070843302853738077e+00
5.187500000000000888e+00 1.067061602234595785e+00
5.212500000000001243e+00 1.063282423463085546e+00
5.237500000000001599e+00 1.059506048497225850e+00
5.262500000000001066e+00 1.055732752237076744e+00
5.287500000000001421e+00 1.051962802669943020e+00
5.312500000000000888e+00 1.048196461012686154e+00
5.337500000000001243e+00 1.044433981851173643e+00
5.362500000000001599e+00 1.040675613276952571e+00
5.387500000000001066e+00 1.036921597021184471e+00
5.412500000000001421e+00 1.033172168585899442e+00
5.437500000000000888e+00 1.029427557372637025e+00
5.462500000000001243e+00 1.025687986808495822e+00
5.487500000000001599e+00 1.021953674469684215e+00
5.512500000000001066e+00 1.018224832202586416e+00
5.537500000000001421e+00 1.014501666242412004e+00
5.562500000000000888e+00 1.010784377329480233e+00
5.587500000000001243e+00 1.007073160823167779e+00
5.612500000000001599e+00 1.003368206813593178e+00
5.637500000000001066e+00 9.996697002310577229e-01
5.662500000000001421e+00 9.959778209533065585e-01
5.687500000000000888e+00 9.922927439106469238e-01
5.712500000000001243e+00 9.886146391889594209e-01
5.737500000000001599e+00 9.849436721306611409e-01
5.762500000000001066e+00 9.812800034336468524e-01
5.787500000000001421e+00 9.776237892482536607e-01
5.812500000000000888e+00 9.739751812722948765e-01
5.837500000000001243e+00 9.703343268441912972e-01
5.862500000000001599e+00 9.667013690342475263e-01
5.887500000000001066e+00 9.630764467341051960e-01
5.912500000000001421e+00 9.594596947444119506e-01
5.937500000000000888e+00 9.558512438607451589e-01
5.962500000000001243e+00 9.522512209578164466e-01
5.987500000000001599e+00 9.486597490720067860e-01
6.012500000000001066e+00 9.450769474822516836e-01
6.037500000000001421e+00 9.415029317893165439e-01
6.062500000000001776e+00 9.379378139935059533e-01
6.087500000000001243e+00 9.343817025708108792e-01
6.112500000000001599e+00 9.308347025475638414e-01
6.137500000000001066e+00 9.272969155736047187e-01
6.162500000000001421e+00 9.237684399939973812e-01
6.187500000000001776e+00 9.202493709193438898e-01
6.212500000000001243e+00 9.167398002946980373e-01
6.237500000000001599e+00 9.132398169671416266e-01
6.262500000000001066e+00 9.097495067520331435e-01
6.287500000000001421e+00 9.062689524979699041e-01
6.312500000000001776e+00 9.027982341504994235e-01
6.337500000000001243e+00 8.993374288146015472e-01
6.362500000000001599e+00 8.958866108159949659e-01
6.387500000000001066e+00 8.924458517612826602e-01
6.412500000000001421e+00 8.890152205969888977e-01
6.437500000000001776e+00 8.855947836675267526e-01
6.462500000000001243e+00 8.821846047721215722e-01
6.487500000000001599e+00 8.787847452207624421e-01
6.512500000000001066e+00 8.753952638892045224e-01
6.537500000000001421e+00 8.720162172730880901e-01
6.562500000000001776e+00 8.686476595412380153e-01
6.587500000000001243e+00 8.652896425881866360e-01
6.612500000000001599e+00 8.619422160860160664e-01
6.637500000000001066e+00 8.586054275355822218e-01
6.662500000000001421e+00 8.552793223172141523e-01
6.687500000000001776e+00 8.519639437409981531e-01
6.712500000000001243e+00 8.486593330967401316e-01
6.737500000000001599e+00 8.453655297037618865e-01
6.762500000000001066e+00 8.420825709606536424e-01
6.787500000000001421e+00 8.388104923951625880e-01
6.812500000000001776e+00 8.355493277144109276e-01
6.837500000000001243e+00 8.322991088556410677e-01
6.862500000000001599e+00 8.290598660377632712e-01
6.887500000000001954e+00 8.258316278139588018e-01
6.912500000000001421e+00 8.226144211256810612e-01
6.937500000000001776e+00 8.194082713584098787e-01
6.962500000000001243e+00 8.162132023995732899e-01
6.987500000000001599e+00 8.130292366991191955e-01
7.012500000000001954e+00 8.098563953332627019e-01
7.037500000000001421e+00 8.066946980720235416e-01
7.062500000000001776e+00 8.035441634512431319e-01
7.087500000000001243e+00 8.004048088498497693e-01
7.112500000000001599e+00 7.972766505732661324e-01
7.137500000000001954e+00 7.941597039439306505e-01
7.162500000000001421e+00 7.910539834000527293e-01
7.187500000000001776e+00 7.879595026038459515e-01
7.212500000000001243e+00 7.848762745606305824e-01
7.237500000000001599e+00 7.818043117503680195e-01
7.262500000000001954e+00 7.787436262733542502e-01
7.287500000000001421e+00 7.756942300120079903e-01
7.312500000000001776e+00 7.726561348108937910e-01
7.337500000000001243e+00 7.696293526773377858e-01
7.362500000000001599e+00 7.666138960052641949e-01
7.387500000000001954e+00 7.636097778251170753e-01
7.412500000000001421e+00 7.606170120830281212e-01
7.437500000000001776e+00 7.576356139526975175e-01
7.462500000000001243e+00 7.546656001837432903e-01
7.487500000000001599e+00 7.517069894906553973e-01
7.512500000000001954e+00 7.487598029867881255e-01
7.537500000000001421e+00 7.458240646682324781e-01
7.562500000000001776e+00 7.428998019527643937e-01
7.587500000000001243e+00 7.399870462794518877e-01
7.612500000000001599e+00 7.370858337749183198e-01
7.637500000000001954e+00 7.341962059926233630e-01
7.662500000000001421e+00 7.313182107319531333e-01
7.687500000000001776e+00 7.284519029442824145e-01
7.712500000000001243e+00 7.255973457335480603e-01
7.737500000000001599e+00 7.227546114592521276e-01
7.762500000000001954e+00 7.199237829501200503e-01
7.787500000000001421e+00 7.171049548369581306e-01
7.812500000000001776e+00 7.142982350135004266e-01
7.837500000000002132e+00 7.115037462342291841e-01
7.862500000000001599e+00 7.087216278583026163e-01
7.887500000000001954e+00 7.059520377487488174e-01
7.912500000000001421e+00 7.031951543360798196e-01
7.937500000000001776e+00 7.004511788553086094e-01
7.962500000000002132e+00 6.977203377650982308e-01
7.987500000000001599e+00 6.950028853573739784e-01
8.012500000000001066e+00 6.922991065651553644e-01
8.037500000000001421e+00 6.896093199756669900e-01
8.062500000000000000e+00 6.869338810548558660e-01
8.087500000000000355e+00 6.842731855883297243e-01
8.112500000000000711e+00 6.816276733424115886e-01
8.137500000000001066e+00 6.789978319474259116e-01
8.162500000000001421e+00 6.763842010035078234e-01
8.187500000000000000e+00 6.737873764071646843e-01
8.212500000000000355e+00 6.712080148944264968e-01
8.237500000000000711e+00 6.686468387938131475e-01
8.262500000000001066e+00 6.661046409793787149e-01
8.287500000000001421e+00 6.635822900108558908e-01
8.312500000000001776e+00 6.610807354444114825e-01
8.337500000000000355e+00 6.586010132936399586e-01
8.362500000000000711e+00 6.561442516163442651e-01
8.387500000000001066e+00 6.537116761982099122e-01
8.412500000000001421e+00 6.513046162998243904e-01
8.437500000000001776e+00 6.489245104285924493e-01
8.462500000000000355e+00 6.465729120919634365e-01
8.487500000000000711e+00 6.442514954831171092e-01
8.512500000000001066e+00 6.419620610448159015e-01
8.537500000000001421e+00 6.397065408516298124e-01
8.562500000000001776e+00 6.374870037452262661e-01
8.587500000000000355e+00 6.353056601518973778e-01
8.612500000000000711e+00 6.331648665061501147e-01
8.637500000000001066e+00 6.310671291989722320e-01
8.662500000000001421e+00 6.290151079644648036e-01
8.687500000000001776e+00 6.270116186140062275e-01
8.712500000000000355e+00 6.250596350229825626e-01
8.737500000000000711e+00 6.231622902716225099e-01
8.762500000000001066e+00 6.213228768385914424e-01
8.787500000000001421e+00 6.195448457439145518e-01
8.812500000000001776e+00 6.178318045366173461e-01
8.837500000000000355e+00 6.161875140222241587e-01
8.862500000000000711e+00 6.146158836261921277e-01
8.887500000000001066e+00 6.131209652914206831e-01
8.912500000000001421e+00 6.117069458113930658e-01
8.937500000000001776e+00 6.103781375053044522e-01
8.962500000000000355e+00 6.091389671477865919e-01
8.987500000000000711e+00 6.079939630736781453e-01
9.012500000000001066e+00 6.069477403876908372e-01
9.037500000000001421e+00 6.060049842198860226e-01
9.062500000000001776e+00 6.051704309806249515e-01
9.087500000000000355e+00 6.044488475830098739e-01
9.112500000000000711e+00 6.038450086169186992e-01
9.137500000000001066e+00 6.033636714763467301e-01
9.162500000000001421e+00 6.030095494609639672e-01
9.187500000000001776e+00 6.027872828934208727e-01
9.212500000000000355e+00 6.027014083158522828e-01
9.237500000000000711e+00 6.027563258521603240e-01
9.262500000000001066e+00 6.029562648467259312e-01
9.287500000000001421e+00 6.033052479150802228e-01
9.312500000000001776e+00 6.038070535675021944e-01
9.337500000000000355e+00 6.044651775921948689e-01
9.362500000000000711e+00 6.052827934104416663e-01
9.387500000000001066e+00 6.062627116415383322e-01
9.412500000000001421e+00 6.074073391400983679e-01
9.437500000000001776e+00 6.087186377921802727e-01
9.462500000000000355e+00 6.101980833791590397e-01
9.487500000000000711e+00 6.118466248391520868e-01
9.512500000000001066e+00 6.136646442745680163e-01
9.537500000000001421e+00 6.156519180707621386e-01
9.562500000000001776e+00 6.178075795044348784e-01
9.587500000000000355e+00 6.201300832309200040e-01
9.612500000000000711e+00 6.226171720466765480e-01
9.637500000000001066e+00 6.252658463266675959e-01
9.662500000000001421e+00 6.280723365357451238e-01
9.687500000000001776e+00 6.310320792083680130e-01
9.712500000000000355e+00 6.341396967817385377e-01
9.737500000000000711e+00 6.373889816537234854e-01
9.762500000000001066e+00 6.407728848184731651e-01
9.787500000000001421e+00 6.442835094095812343e-01
9.812500000000001776e+00 6.479121094528794700e-01
9.837500000000000355e+00 6.516490940985977254e-01
9.862500000000000711e+00 6.554840375659028995e-01
9.887500000000001066e+00 6.594056949918162269e-01
9.912500000000001421e+00 6.634020243316199883e-01
9.937500000000001776e+00 6.674602144093579881e-01
9.962500000000000355e+00 6.715667191653263979e-01
9.987500000000000711e+00 6.757072980930625139e-01
1.001250000000000107e+01 6.798670628016978412e-01
1.003750000000000142e+01 6.840305295813184916e-01
1.006250000000000178e+01 6.881816777897018511e-01
1.008750000000000213e+01 6.923040138191772774e-01
1.011250000000000071e+01 6.963806403430679026e-01
1.013750000000000107e+01 7.003943304828759153e-01
1.016250000000000142e+01 7.043276064808421388e-01
1.018750000000000178e+01 7.081628224084316470e-01
1.021250000000000213e+01 7.118822503903474708e-01
1.023750000000000071e+01 7.154681697766336335e-01
1.026250000000000107e+01 7.189029586528462579e-01
1.028750000000000142e+01 7.221691870408392111e-01
1.031250000000000178e+01 7.252497111110139949e-01
1.033750000000000213e+01 7.281277677013366922e-01
1.036250000000000071e+01 7.307870684196203781e-01
1.038750000000000107e+01 7.332118925937243237e-01
1.041250000000000142e+01 7.353871783298592257e-01
1.043750000000000178e+01 7.372986109422083878e-01
1.046250000000000213e+01 7.389327080277260373e-01
1.048750000000000071e+01 7.402769004782951967e-01
1.051250000000000107e+01 7.413196087482538665e-01
1.053750000000000142e+01 7.420503137285394679e-01
1.056250000000000178e+01 7.424596216190009201e-01
1.058750000000000213e+01 7.425393222374317981e-01
1.061250000000000071e+01 7.422824402571585045e-01
1.063750000000000107e+01 7.416832789239438117e-01
1.066250000000000142e+01 7.407374558669915787e-01
1.068750000000000178e+01 7.394419306872109798e-01
1.071250000000000213e+01 7.377950240778612390e-01
1.073750000000000071e+01 7.357964283075021372e-01
1.076250000000000107e+01 7.334472089718558907e-01
1.078750000000000142e+01 7.307497979990271730e-01
1.081250000000000178e+01 7.277079779704827001e-01
1.083750000000000213e+01 7.243268578975001759e-01
1.086250000000000071e+01 7.206128406685347043e-01
1.088750000000000107e+01 7.165735824562611267e-01
1.091250000000000142e+01 7.122179444432217288e-01
1.093750000000000178e+01 7.075559372912363365e-01
1.096250000000000213e+01 7.025986588414396827e-01
1.098750000000000071e+01 6.973582255885270031e-01
1.101250000000000107e+01 6.918476985240720190e-01
1.103750000000000142e+01 6.860810039896335644e-01
1.106250000000000178e+01 6.800728502207944448e-01
1.108750000000000213e+01 6.738386402988295609e-01
1.111250000000000071e+01 6.673943822582873997e-01
1.113750000000000107e+01 6.607565971277807870e-01
1.116250000000000142e+01 6.539422257099751778e-01
1.118750000000000178e+01 6.469685349379680206e-01
1.121250000000000213e+01 6.398530246829773338e-01
1.123750000000000071e+01 6.326133359374086496e-01
1.126250000000000107e+01 6.252671613639418924e-01
1.128750000000000142e+01 6.178321592922997318e-01
1.131250000000000178e+01 6.103258723683058218e-01
1.133750000000000213e+01 6.027656522223359126e-01
1.136250000000000071e+01 5.951685917327115272e-01
1.138750000000000107e+01 5.875514667177765826e-01
1.141250000000000142e+01 5.799306891973561306e-01
1.143750000000000178e+01 5.723222747113538844e-01
1.146250000000000213e+01 5.647418265509929203e-01
1.148750000000000071e+01 5.572045401126184405e-01
1.151250000000000107e+01 5.497252308730578019e-01
1.153750000000000142e+01 5.423183896364135448e-01
1.156250000000000178e+01 5.349982686197028992e-01
1.158750000000000213e+01 5.277790015129102397e-01
1.161250000000000071e+01 5.206747597356552459e-01
1.163750000000000107e+01 5.136999455792911062e-01
1.166250000000000142e+01 5.068694206403939750e-01
1.168750000000000178e+01 5.001987648200273417e-01
1.171250000000000213e+01 4.937045571406312172e-01
1.173750000000000071e+01 4.874046647639559970e-01
1.176250000000000107e+01 4.813185210424922866e-01
1.178750000000000142e+01 4.754673675125308252e-01
1.181250000000000178e+01 4.698744289117575690e-01
1.183750000000000213e+01 4.645649852162237470e-01
1.186250000000000071e+01 4.595663011238980133e-01
1.188750000000000107e+01 4.549073722459315294e-01
1.191250000000000142e+01 4.506184494041220456e-01
1.193750000000000178e+01 4.467303086905182741e-01
1.196250000000000213e+01 4.432732459264357439e-01
1.198750000000000249e+01 4.402757901155374687e-01
1.201250000000000107e+01 4.377631511876468595e-01
1.203750000000000142e+01 4.357554419571599280e-01
1.206250000000000178e+01 4.342657413098177099e-01
1.208750000000000213e+01 4.332980930952753940e-01
1.211250000000000249e+01 4.328455604271956303e-01
1.213750000000000107e+01 4.328884751347868987e-01
1.216250000000000142e+01 4.333930339777113394e-01
1.218750000000000178e+01 4.343103942328260247e-01
1.221250000000000213e+01 4.355764093577764173e-01
1.223750000000000249e+01 4.371121196295912892e-01
1.226250000000000107e+01 4.388250732551269295e-01
1.228750000000000142e+01 4.406115022427514738e-01
1.231250000000000178e+01 4.423593175837249314e-01
1.233750000000000213e+01 4.439518245942157271e-01
1.236250000000000249e+01 4.452719971300124202e-01
1.238750000000000107e+01 4.462070947348256156e-01
1.241250000000000142e+01 4.466533653326200115e-01
1.243750000000000178e+01 4.465205526589548501e-01
1.246250000000000213e+01 4.457359255924182029e-01
1.248750000000000249e+01 4.442475672813598897e-01
1.251250000000000107e+01 4.420267046262386645e-01
1.253750000000000142e+01 4.390689202044338879e-01
1.256250000000000178e+01 4.353941640684177439e-01
1.258750000000000213e+01 4.310455654932791592e-01
1.261250000000000249e+01 4.260871273930679770e-01
1.263750000000000107e+01 4.206004614646379203e-01
1.266250000000000142e+01 4.146807836361628974e-01
1.268750000000000178e+01 4.084324320515254625e-01
1.271250000000000213e+01 4.019641905417991601e-01
1.273750000000000249e+01 3.953846984842503964e-01
1.276250000000000107e+01 3.887982045142798770e-01
1.278750000000000142e+01 3.823008800832782828e-01
1.281250000000000178e+01 3.759778541800490870e-01
1.283750000000000213e+01 3.699010683684690326e-01
1.286250000000000249e+01 3.641279875688494538e-01
1.288750000000000107e+01 3.587011422405090855e-01
1.291250000000000142e+01 3.536484263856698451e-01
1.293750000000000178e+01 3.489840363629513331e-01
1.296250000000000213e+01 3.447099096611319080e-01
1.298750000000000249e+01 3.408175108498890937e-01
