# t[Gyr], SFR_thin.d/<SFR_thin.d>
1.250000000000000069e-02 7.122146604333092366e-52
3.750000000000000555e-02 1.228166043974723910e-51
6.250000000000001388e-02 2.115189664844411996e-51
8.750000000000000833e-02 3.638208620566839677e-51
1.125000000000000167e-01 6.249883676867457017e-51
1.375000000000000389e-01 1.072265475716152497e-50
1.625000000000000333e-01 1.837294456445967328e-50
1.875000000000000555e-01 9.661694136008662503e-02
2.125000000000000500e-01 1.561232039131134897e-01
2.375000000000000444e-01 2.066509857229402447e-01
2.625000000000000666e-01 2.527187934299905403e-01
2.875000000000000888e-01 2.959559554055344877e-01
3.125000000000000555e-01 3.371447032436743485e-01
3.375000000000000777e-01 3.767195930317748243e-01
3.625000000000000999e-01 4.149452535092428285e-01
3.875000000000000666e-01 4.519936638508385562e-01
4.125000000000000888e-01 4.879823407063272889e-01
4.375000000000001110e-01 5.229949798330550959e-01
4.625000000000000777e-01 5.570933808067863868e-01
4.875000000000000999e-01 5.903246977426557240e-01
5.125000000000000666e-01 6.227260302424961758e-01
5.375000000000000888e-01 6.543274268521546144e-01
5.625000000000001110e-01 6.851539033007586488e-01
5.875000000000000222e-01 7.152268291084592500e-01
6.125000000000000444e-01 7.445648980062218314e-01
6.375000000000000666e-01 7.731848176553242080e-01
6.625000000000000888e-01 8.011018062206112234e-01
6.875000000000001110e-01 8.283299537278951963e-01
7.125000000000001332e-01 8.548824873350903131e-01
7.375000000000000444e-01 8.807719674323232217e-01
7.625000000000000666e-01 9.060104333846807911e-01
7.875000000000000888e-01 9.306095122573043721e-01
8.125000000000001110e-01 9.545805001022787950e-01
8.375000000000001332e-01 9.779344227648059107e-01
8.625000000000001554e-01 1.000682081313195582e+00
8.875000000000001776e-01 1.022834085871615617e+00
9.125000000000000888e-01 1.044400880675651511e+00
9.375000000000001110e-01 1.065392762470124710e+00
9.625000000000001332e-01 1.085819893851944773e+00
9.875000000000001554e-01 1.105692312776643815e+00
1.012500000000000178e+00 1.125019939159398463e+00
1.037500000000000089e+00 1.143812579284182673e+00
1.062500000000000222e+00 1.162079928569886622e+00
1.087500000000000133e+00 1.179831573116358667e+00
1.112500000000000266e+00 1.197076990356772397e+00
1.137500000000000178e+00 1.213825549068311416e+00
1.162500000000000089e+00 1.230086508935536393e+00
1.187500000000000222e+00 1.245869019816112422e+00
1.212500000000000133e+00 1.261182120823752362e+00
1.237500000000000266e+00 1.276034739316036726e+00
1.262500000000000178e+00 1.290435689853566270e+00
1.287500000000000311e+00 1.304393673180230806e+00
1.312500000000000222e+00 1.317917275261396126e+00
1.337500000000000133e+00 1.331014966406621758e+00
1.362500000000000266e+00 1.343695100495523542e+00
1.387500000000000178e+00 1.355965914319250620e+00
1.412500000000000311e+00 1.367835527045142108e+00
1.437500000000000222e+00 1.379311939808445686e+00
1.462500000000000133e+00 1.390403035432112189e+00
1.487500000000000266e+00 1.401116578273455593e+00
1.512500000000000178e+00 1.411460214194893759e+00
1.537500000000000311e+00 1.421441470654700501e+00
1.562500000000000222e+00 1.431067756912896671e+00
1.587500000000000355e+00 1.440346364346768437e+00
1.612500000000000266e+00 1.449284466870099042e+00
1.637500000000000178e+00 1.457889121450034686e+00
1.662500000000000311e+00 1.466167268715319771e+00
1.687500000000000222e+00 1.474125733649709558e+00
1.712500000000000355e+00 1.481771226364410721e+00
1.737500000000000266e+00 1.489110342943544829e+00
1.762500000000000400e+00 1.496149566356808736e+00
1.787500000000000311e+00 1.502895267433695059e+00
1.812500000000000222e+00 1.509353705893897057e+00
1.837500000000000355e+00 1.515531031428729580e+00
1.862500000000000266e+00 1.521433284828668020e+00
1.887500000000000400e+00 1.527066399152371190e+00
1.912500000000000311e+00 1.532436200932760562e+00
1.937500000000000222e+00 1.537548411416037153e+00
1.962500000000000355e+00 1.542408647829719648e+00
1.987500000000000266e+00 1.547022424676028907e+00
2.012500000000000622e+00 1.551395155047213148e+00
2.037500000000000533e+00 1.555532151959560627e+00
2.062500000000000444e+00 1.559438629703121748e+00
2.087500000000000799e+00 1.563119705204328413e+00
2.112500000000000711e+00 1.566580399398903811e+00
2.137500000000000622e+00 1.569825638612638574e+00
2.162500000000000533e+00 1.572860255947766905e+00
2.187500000000000444e+00 1.575688992672879429e+00
2.212500000000000799e+00 1.578316499614407009e+00
2.237500000000000711e+00 1.580747338547907832e+00
2.262500000000000622e+00 1.582985983587506196e+00
2.287500000000000533e+00 1.585036822571942672e+00
2.312500000000000444e+00 1.586904158445864299e+00
2.337500000000000799e+00 1.588592210635045854e+00
2.362500000000000711e+00 1.590105116414370023e+00
2.387500000000000622e+00 1.591446932267498227e+00
2.412500000000000533e+00 1.592621635237226441e+00
2.437500000000000444e+00 1.593633124265661172e+00
2.462500000000000799e+00 1.594485221523369800e+00
2.487500000000000711e+00 1.595181673726785210e+00
2.512500000000000622e+00 1.595726153443204787e+00
2.537500000000000533e+00 1.596122260382764058e+00
2.562500000000000888e+00 1.596373522676879819e+00
2.587500000000000799e+00 1.596483398142659160e+00
2.612500000000000711e+00 1.596455275532864038e+00
2.637500000000000622e+00 1.596292475771061925e+00
2.662500000000000533e+00 1.595998253171621251e+00
2.687500000000000888e+00 1.595575796644303823e+00
2.712500000000000799e+00 1.595028230883168696e+00
2.737500000000000711e+00 1.594358617539624268e+00
2.762500000000000622e+00 1.593569956379438768e+00
2.787500000000000533e+00 1.592665186423577683e+00
2.812500000000000888e+00 1.591647187072775083e+00
2.837500000000000799e+00 1.590518779215740031e+00
2.862500000000000711e+00 1.589282726320967676e+00
2.887500000000000622e+00 1.587941735512115038e+00
2.912500000000000533e+00 1.586498458626935282e+00
2.937500000000000888e+00 1.584955493259799120e+00
2.962500000000000799e+00 1.583315383787814001e+00
2.987500000000000711e+00 1.581580622380613921e+00
3.012500000000000622e+00 1.579753649993869358e+00
3.037500000000000977e+00 1.577836857346602173e+00
3.062500000000000888e+00 1.575832585882413373e+00
3.087500000000000799e+00 1.573743128714702566e+00
3.112500000000000711e+00 1.571570731556016565e+00
3.137500000000000622e+00 1.569317593631650354e+00
3.162500000000000977e+00 1.566985868577623231e+00
3.187500000000000888e+00 1.564577665323198197e+00
3.212500000000000799e+00 1.562095048958067833e+00
3.237500000000000711e+00 1.559540041584386527e+00
3.262500000000000622e+00 1.556914623153799804e+00
3.287500000000000977e+00 1.554220732289642415e+00
3.312500000000000888e+00 1.551460267094486367e+00
3.337500000000000799e+00 1.548635085943204315e+00
3.362500000000000711e+00 1.545747008261737943e+00
3.387500000000000622e+00 1.542797815291751418e+00
3.412500000000000977e+00 1.539789250841353319e+00
3.437500000000000888e+00 1.536723022022092211e+00
3.462500000000000799e+00 1.533600799972394846e+00
3.487500000000000711e+00 1.530424220567645488e+00
3.512500000000001066e+00 1.527194885117116652e+00
3.537500000000000977e+00 1.523914361047910226e+00
3.562500000000000888e+00 1.520584182576147025e+00
3.587500000000000799e+00 1.517205851365554858e+00
3.612500000000000711e+00 1.513780837173684946e+00
3.637500000000001066e+00 1.510310578485926092e+00
3.662500000000000977e+00 1.506796483137525344e+00
3.687500000000000888e+00 1.503239928923804536e+00
3.712500000000000799e+00 1.499642264198758568e+00
3.737500000000000711e+00 1.496004808462231495e+00
3.762500000000001066e+00 1.492328852935861372e+00
3.787500000000000977e+00 1.488615661127974610e+00
3.812500000000000888e+00 1.484866469387634558e+00
3.837500000000000799e+00 1.481082487448002416e+00
3.862500000000000711e+00 1.477264898959223194e+00
3.887500000000001066e+00 1.473414862010993920e+00
3.912500000000000977e+00 1.469533509645011726e+00
3.937500000000000888e+00 1.465621950357474335e+00
3.962500000000000799e+00 1.461681268591807470e+00
3.987500000000001155e+00 1.457712525221791733e+00
4.012500000000001066e+00 1.453716758025271893e+00
4.037500000000000533e+00 1.449694982148601152e+00
4.062500000000000888e+00 1.445648190562010660e+00
4.087500000000001243e+00 1.441577354506047515e+00
4.112500000000000711e+00 1.437483423929260651e+00
4.137500000000001066e+00 1.433367327917290268e+00
4.162500000000001421e+00 1.429229975113514017e+00
4.187500000000000888e+00 1.425072254131428906e+00
4.212500000000001243e+00 1.420895033958884168e+00
4.237500000000000711e+00 1.416699164354360940e+00
4.262500000000001066e+00 1.412485476235420423e+00
4.287500000000001421e+00 1.408254782059467747e+00
4.312500000000000888e+00 1.404007876197007176e+00
4.337500000000001243e+00 1.399745535297481247e+00
4.362500000000000711e+00 1.395468518647886125e+00
4.387500000000001066e+00 1.391177568524269992e+00
4.412500000000001421e+00 1.386873410536249906e+00
4.437500000000000888e+00 1.382556753964711005e+00
4.462500000000001243e+00 1.378228292092776863e+00
4.487500000000000711e+00 1.373888702530217776e+00
4.512500000000001066e+00 1.369538647531402420e+00
4.537500000000001421e+00 1.365178774306922360e+00
4.562500000000000888e+00 1.360809715329023950e+00
4.587500000000001243e+00 1.356432088630945998e+00
4.612500000000000711e+00 1.352046498100303751e+00
4.637500000000001066e+00 1.347653533766624667e+00
4.662500000000001421e+00 1.343253772083145670e+00
4.687500000000000888e+00 1.338847776203005102e+00
4.712500000000001243e+00 1.334436096249907333e+00
4.737500000000000711e+00 1.330019269583400332e+00
4.762500000000001066e+00 1.325597821058855708e+00
4.787500000000001421e+00 1.321172263282246684e+00
4.812500000000000888e+00 1.316743096859862794e+00
4.837500000000001243e+00 1.312310810643007031e+00
4.862500000000000711e+00 1.307875881967830889e+00
4.887500000000001066e+00 1.303438776890362361e+00
4.912500000000001421e+00 1.298999950416835913e+00
4.937500000000000888e+00 1.294559846729438135e+00
4.962500000000001243e+00 1.290118899407508790e+00
4.987500000000000711e+00 1.285677531644351612e+00
5.012500000000001066e+00 1.281236156459692577e+00
5.037500000000001421e+00 1.276795176907887797e+00
5.062500000000000888e+00 1.272354986281986067e+00
5.087500000000001243e+00 1.267915968313687802e+00
5.112500000000001599e+00 1.263478497369320497e+00
5.137500000000001066e+00 1.259042938641889320e+00
5.162500000000001421e+00 1.254609648339286787e+00
5.187500000000000888e+00 1.250178973868742993e+00
5.212500000000001243e+00 1.245751254017575249e+00
5.237500000000001599e+00 1.241326819130334158e+00
5.262500000000001066e+00 1.236905991282403861e+00
5.287500000000001421e+00 1.232489084450121286e+00
5.312500000000000888e+00 1.228076404677512112e+00
5.337500000000001243e+00 1.223668250239669186e+00
5.362500000000001599e+00 1.219264911802881324e+00
5.387500000000001066e+00 1.214866672581552010e+00
5.412500000000001421e+00 1.210473808491978609e+00
5.437500000000000888e+00 1.206086588303069140e+00
5.462500000000001243e+00 1.201705273784022143e+00
5.487500000000001599e+00 1.197330119849081331e+00
5.512500000000001066e+00 1.192961374699376353e+00
5.537500000000001421e+00 1.188599279961934707e+00
5.562500000000000888e+00 1.184244070825919870e+00
5.587500000000001243e+00 1.179895976176135619e+00
5.612500000000001599e+00 1.175555218723875139e+00
5.637500000000001066e+00 1.171222015135143124e+00
5.662500000000001421e+00 1.166896576156324361e+00
5.687500000000000888e+00 1.162579106737340773e+00
5.712500000000001243e+00 1.158269806152340431e+00
5.737500000000001599e+00 1.153968868117986712e+00
5.762500000000001066e+00 1.149676480909378906e+00
5.787500000000001421e+00 1.145392827473656894e+00
5.812500000000000888e+00 1.141118085541343641e+00
5.837500000000001243e+00 1.136852427735458804e+00
5.862500000000001599e+00 1.132596021678458298e+00
5.887500000000001066e+00 1.128349030097039352e+00
5.912500000000001421e+00 1.124111610924853233e+00
5.937500000000000888e+00 1.119883917403175611e+00
5.962500000000001243e+00 1.115666098179559640e+00
5.987500000000001599e+00 1.111458297404536832e+00
6.012500000000001066e+00 1.107260654826380586e+00
6.037500000000001421e+00 1.103073305883988331e+00
6.062500000000001776e+00 1.098896381797924482e+00
6.087500000000001243e+00 1.094730009659635739e+00
6.112500000000001599e+00 1.090574312518918676e+00
6.137500000000001066e+00 1.086429409469639840e+00
6.162500000000001421e+00 1.082295415733761201e+00
6.187500000000001776e+00 1.078172442743719817e+00
6.212500000000001243e+00 1.074060598223167906e+00
6.237500000000001599e+00 1.069959986266146190e+00
6.262500000000001066e+00 1.065870707414700247e+00
6.287500000000001421e+00 1.061792858734992295e+00
6.312500000000001776e+00 1.057726533891945264e+00
6.337500000000001243e+00 1.053671823222447346e+00
6.362500000000001599e+00 1.049628813807178984e+00
6.387500000000001066e+00 1.045597589541080730e+00
6.412500000000001421e+00 1.041578231202520577e+00
6.437500000000001776e+00 1.037570816521210082e+00
6.462500000000001243e+00 1.033575420244895238e+00
6.487500000000001599e+00 1.029592114204911368e+00
6.512500000000001066e+00 1.025620967380622695e+00
6.537500000000001421e+00 1.021662045962829612e+00
6.562500000000001776e+00 1.017715413416214965e+00
6.587500000000001243e+00 1.013781130540879483e+00
6.612500000000001599e+00 1.009859255533081646e+00
6.637500000000001066e+00 1.005949844045251451e+00
6.662500000000001421e+00 1.002052949245390900e+00
6.687500000000001776e+00 9.981686218759866502e-01
6.712500000000001243e+00 9.942969103125468555e-01
6.737500000000001599e+00 9.904378606219428338e-01
6.762500000000001066e+00 9.865915166206991049e-01
6.787500000000001421e+00 9.827579199334441906e-01
6.812500000000001776e+00 9.789371100517455515e-01
6.837500000000001243e+00 9.751291243935638064e-01
6.862500000000001599e+00 9.713339983636462005e-01
6.887500000000001954e+00 9.675517654151566393e-01
6.912500000000001421e+00 9.637824571129445239e-01
6.937500000000001776e+00 9.600261031988661653e-01
6.962500000000001243e+00 9.562827316596473892e-01
6.987500000000001599e+00 9.525523687978489917e-01
7.012500000000001954e+00 9.488350393065543287e-01
7.037500000000001421e+00 9.451307663484963539e-01
7.062500000000001776e+00 9.414395716404337922e-01
7.087500000000001243e+00 9.377614755436751715e-01
7.112500000000001599e+00 9.340964971618005430e-01
7.137500000000001954e+00 9.304446544467165348e-01
7.162500000000001421e+00 9.268059643143592430e-01
7.187500000000001776e+00 9.231804427715010197e-01
7.212500000000001243e+00 9.195681050552920732e-01
7.237500000000001599e+00 9.159689657873676394e-01
7.262500000000001954e+00 9.123830391445429955e-01
7.287500000000001421e+00 9.088103390483672772e-01
7.312500000000001776e+00 9.052508793760385419e-01
7.337500000000001243e+00 9.017046741954481970e-01
7.362500000000001599e+00 8.981717380274295559e-01
7.387500000000001954e+00 8.946520861385678369e-01
7.412500000000001421e+00 8.911457348682766400e-01
7.437500000000001776e+00 8.876527019941993224e-01
7.462500000000001243e+00 8.841730071403395286e-01
7.487500000000001599e+00 8.807066722327616670e-01
7.512500000000001954e+00 8.772537220080617315e-01
7.537500000000001421e+00 8.738141845802759322e-01
7.562500000000001776e+00 8.703880920723170433e-01
7.587500000000001243e+00 8.669754813184802344e-01
7.612500000000001599e+00 8.635763946450422113e-01
7.637500000000001954e+00 8.601908807364104792e-01
7.662500000000001421e+00 8.568189955947758119e-01
7.687500000000001776e+00 8.534608036016630983e-01
7.712500000000001243e+00 8.501163786902127262e-01
7.737500000000001599e+00 8.467858056374683029e-01
7.762500000000001954e+00 8.434691814863098935e-01
7.787500000000001421e+00 8.401666171070414357e-01
7.812500000000001776e+00 8.368782389089324258e-01
7.837500000000002132e+00 8.336041907122390127e-01
7.862500000000001599e+00 8.303446357914046061e-01
7.887500000000001954e+00 8.270997591001731930e-01
7.912500000000001421e+00 8.238697696893383382e-01
7.937500000000001776e+00 8.206549033276516747e-01
7.962500000000002132e+00 8.174554253361202560e-01
7.987500000000001599e+00 8.142716336454518533e-01
8.012500000000001066e+00 8.111038620857355941e-01
8.037500000000001421e+00 8.079524839166303263e-01
8.062500000000000000e+00 8.048179156052380767e-01
8.087500000000000355e+00 8.017006208575374604e-01
8.112500000000000711e+00 7.986011149077094640e-01
8.137500000000001066e+00 7.955199690678295132e-01
8.162500000000001421e+00 7.924578155382708822e-01
8.187500000000000000e+00 7.894153524767432151e-01
8.212500000000000355e+00 7.863933493210879533e-01
8.237500000000000711e+00 7.833926523578979007e-01
8.262500000000001066e+00 7.804141905255488343e-01
8.287500000000001421e+00 7.774589814364382123e-01
8.312500000000001776e+00 7.745281375991143191e-01
8.337500000000000355e+00 7.716228728164260531e-01
8.362500000000000711e+00 7.687445087310446068e-01
8.387500000000001066e+00 7.658944814845081162e-01
8.412500000000001421e+00 7.630743484504804997e-01
8.437500000000001776e+00 7.602857949971799645e-01
8.462500000000000355e+00 7.575306412279114721e-01
8.487500000000000711e+00 7.548108486424676133e-01
8.512500000000001066e+00 7.521285266557884430e-01
8.537500000000001421e+00 7.494859389038230901e-01
8.562500000000001776e+00 7.468855092600833467e-01
8.587500000000000355e+00 7.443298274799010628e-01
8.612500000000000711e+00 7.418216543831460674e-01
8.637500000000001066e+00 7.393639264800505595e-01
8.662500000000001421e+00 7.369597599390176335e-01
8.687500000000001776e+00 7.346124537899930695e-01
8.712500000000000355e+00 7.323254922521360566e-01
8.737500000000000711e+00 7.301025460704320125e-01
8.762500000000001066e+00 7.279474727425083724e-01
8.787500000000001421e+00 7.258643155144768322e-01
8.812500000000001776e+00 7.238573010232339788e-01
8.837500000000000355e+00 7.219308354623691359e-01
8.862500000000000711e+00 7.200894991499223741e-01
8.887500000000001066e+00 7.183380393786511497e-01
8.912500000000001421e+00 7.166813614334702764e-01
8.937500000000001776e+00 7.151245176663482139e-01
8.962500000000000355e+00 7.136726945262727995e-01
8.987500000000000711e+00 7.123311974510836420e-01
9.012500000000001066e+00 7.111054335389844772e-01
9.037500000000001421e+00 7.100008919305089705e-01
9.062500000000001776e+00 7.090231218466513941e-01
9.087500000000000355e+00 7.081777082456913730e-01
9.112500000000000711e+00 7.074702450800888220e-01
9.137500000000001066e+00 7.069063061554522465e-01
9.162500000000001421e+00 7.064914136160820313e-01
9.187500000000001776e+00 7.062310041057460186e-01
9.212500000000000355e+00 7.061303926780259088e-01
9.237500000000000711e+00 7.061947345576747859e-01
9.262500000000001066e+00 7.064289848826222906e-01
9.287500000000001421e+00 7.068378565854170903e-01
9.312500000000001776e+00 7.074257766026990080e-01
9.337500000000000355e+00 7.081968406313788877e-01
9.362500000000000711e+00 7.091547666803849070e-01
9.387500000000001066e+00 7.103028476965720373e-01
9.412500000000001421e+00 7.116439035724604345e-01
9.437500000000001776e+00 7.131802328714083039e-01
9.462500000000000355e+00 7.149135646321523874e-01
9.487500000000000711e+00 7.168450106391290877e-01
9.512500000000001066e+00 7.189750185669583349e-01
9.537500000000001421e+00 7.213033264267101341e-01
9.562500000000001776e+00 7.238289187575687178e-01
9.587500000000000355e+00 7.265499850198192666e-01
9.612500000000000711e+00 7.294638806534842201e-01
9.637500000000001066e+00 7.325670912708818205e-01
9.662500000000001421e+00 7.358552004507170619e-01
9.687500000000001776e+00 7.393228615957028182e-01
9.712500000000000355e+00 7.429637743048818077e-01
9.737500000000000711e+00 7.467706656957430189e-01
9.762500000000001066e+00 7.507352770896106309e-01
9.787500000000001421e+00 7.548483564467525220e-01
9.812500000000001776e+00 7.590996569051428056e-01
9.837500000000000355e+00 7.634779417388990463e-01
9.862500000000000711e+00 7.679709960093928922e-01
9.887500000000001066e+00 7.725656451339850683e-01
9.912500000000001421e+00 7.772477805447380872e-01
9.937500000000001776e+00 7.820023925526354835e-01
9.962500000000000355e+00 7.868136104722499580e-01
9.987500000000000711e+00 7.916647499980836722e-01
1.001250000000000107e+01 7.965383677574394694e-01
1.003750000000000142e+01 8.014163228964702457e-01
1.006250000000000178e+01 8.062798454866054731e-01
1.008750000000000213e+01 8.111096114686997538e-01
1.011250000000000071e+01 8.158858237827880666e-01
1.013750000000000107e+01 8.205882992630266770e-01
1.016250000000000142e+01 8.251965608111719863e-01
1.018750000000000178e+01 8.296899342985863957e-01
1.021250000000000213e+01 8.340476495870687845e-01
1.023750000000000071e+01 8.382489450036922918e-01
1.026250000000000107e+01 8.422731745549448812e-01
1.028750000000000142e+01 8.460999171216071479e-01
1.031250000000000178e+01 8.497090868386731888e-01
1.033750000000000213e+01 8.530810438346805302e-01
1.036250000000000071e+01 8.561967044827912821e-01
1.038750000000000107e+01 8.590376503020813459e-01
1.041250000000000142e+01 8.615862346422707985e-01
1.043750000000000178e+01 8.638256862886627419e-01
1.046250000000000213e+01 8.657402091365435925e-01
1.048750000000000071e+01 8.673150771057549502e-01
1.051250000000000107e+01 8.685367234964144201e-01
1.053750000000000142e+01 8.693928240257008389e-01
1.056250000000000178e+01 8.698723728328381366e-01
1.058750000000000213e+01 8.699657507944833501e-01
1.061250000000000071e+01 8.696647855551467021e-01
1.063750000000000107e+01 8.689628027463084381e-01
1.066250000000000142e+01 8.678546679429141042e-01
1.068750000000000178e+01 8.663368189860333191e-01
1.071250000000000213e+01 8.644072883847796485e-01
1.073750000000000071e+01 8.620657155982286435e-01
1.076250000000000107e+01 8.593133490879163450e-01
1.078750000000000142e+01 8.561530381226906128e-01
1.081250000000000178e+01 8.525892144090310154e-01
1.083750000000000213e+01 8.486278637105182376e-01
1.086250000000000071e+01 8.442764877088746456e-01
1.088750000000000107e+01 8.395440564448913845e-01
1.091250000000000142e+01 8.344409517597617398e-01
1.093750000000000178e+01 8.289789022349429715e-01
1.096250000000000213e+01 8.231709102009593382e-01
1.098750000000000071e+01 8.170311714520116508e-01
1.101250000000000107e+01 8.105749883633414088e-01
1.103750000000000142e+01 8.038186771620189353e-01
1.106250000000000178e+01 7.967794701491874854e-01
1.108750000000000213e+01 7.894754137134550875e-01
1.111250000000000071e+01 7.819252630121285019e-01
1.113750000000000107e+01 7.741483742309748228e-01
1.116250000000000142e+01 7.661645953668191344e-01
1.118750000000000178e+01 7.579941565138342829e-01
1.121250000000000213e+01 7.496575606785912393e-01
1.123750000000000071e+01 7.411754762065138058e-01
1.126250000000000107e+01 7.325686319803842439e-01
1.128750000000000142e+01 7.238577166581833255e-01
1.131250000000000178e+01 7.150632833615947481e-01
1.133750000000000213e+01 7.062056614168847890e-01
1.136250000000000071e+01 6.973048769940851654e-01
1.138750000000000107e+01 6.883805847929047594e-01
1.141250000000000142e+01 6.794520132834347415e-01
1.143750000000000178e+01 6.705379264163231490e-01
1.146250000000000213e+01 6.616566051479549904e-01
1.148750000000000071e+01 6.528258525414056823e-01
1.151250000000000107e+01 6.440630265426258161e-01
1.153750000000000142e+01 6.353851047080805170e-01
1.156250000000000178e+01 6.268087850634584957e-01
1.158750000000000213e+01 6.183506267671110557e-01
1.161250000000000071e+01 6.100272331817689908e-01
1.163750000000000107e+01 6.018554781615640392e-01
1.166250000000000142e+01 5.938527736867592610e-01
1.168750000000000178e+01 5.860373733096176929e-01
1.171250000000000213e+01 5.784287011619968499e-01
1.173750000000000071e+01 5.710476905713601781e-01
1.176250000000000107e+01 5.639171098283335404e-01
1.178750000000000142e+01 5.570618457079519192e-01
1.181250000000000178e+01 5.505091085218486446e-01
1.183750000000000213e+01 5.442885165174171647e-01
1.186250000000000071e+01 5.384320132601068121e-01
1.188750000000000107e+01 5.329735702688247478e-01
1.191250000000000142e+01 5.279486296785655952e-01
1.193750000000000178e+01 5.233932490356757450e-01
1.196250000000000213e+01 5.193429231969897142e-01
1.198750000000000249e+01 5.158310769998833978e-01
1.201250000000000107e+01 5.128872466249597695e-01
1.203750000000000142e+01 5.105349964265263329e-01
1.206250000000000178e+01 5.087896497447924604e-01
1.208750000000000213e+01 5.076559443903976288e-01
1.211250000000000249e+01 5.071257530448958217e-01
1.213750000000000107e+01 5.071760323024270267e-01
1.216250000000000142e+01 5.077671779824727283e-01
1.218750000000000178e+01 5.088419655111453554e-01
1.221250000000000213e+01 5.103252402222757667e-01
1.223750000000000249e+01 5.121244921940050210e-01
1.226250000000000107e+01 5.141314040736680857e-01
1.228750000000000142e+01 5.162244003486355926e-01
1.231250000000000178e+01 5.182721565277673692e-01
1.233750000000000213e+01 5.201379520695476044e-01
1.236250000000000249e+01 5.216846780904967895e-01
1.238750000000000107e+01 5.227802468576648875e-01
1.241250000000000142e+01 5.233031015052784785e-01
1.243750000000000178e+01 5.231474969818546983e-01
1.246250000000000213e+01 5.222282208511626056e-01
1.248750000000000249e+01 5.204844468626962373e-01
1.251250000000000107e+01 5.178824641941525142e-01
1.253750000000000142e+01 5.144170973534442082e-01
1.256250000000000178e+01 5.101117200015446995e-01
1.258750000000000213e+01 5.050168627851956415e-01
1.261250000000000249e+01 4.992075120943525457e-01
1.263750000000000107e+01 4.927792849273354148e-01
1.266250000000000142e+01 4.858437371222805723e-01
1.268750000000000178e+01 4.785231121873240734e-01
1.271250000000000213e+01 4.709448622377143123e-01
1.273750000000000249e+01 4.632362701453194287e-01
1.276250000000000107e+01 4.555194745493327257e-01
1.278750000000000142e+01 4.479071507874886060e-01
1.281250000000000178e+01 4.404990367490015379e-01
1.283750000000000213e+01 4.333794198173906986e-01
1.286250000000000249e+01 4.266156264103226903e-01
1.288750000000000107e+01 4.202574855965954814e-01
1.291250000000000142e+01 4.143376782401834157e-01
1.293750000000000178e+01 4.088728369225742565e-01
1.296250000000000213e+01 4.038652316230529893e-01
1.298750000000000249e+01 3.993048621546577692e-01
