# z[pc], Phi[m^2/s^2]
1.000000000000000000e+00 2.446475911382008417e+04
3.000000000000000000e+00 8.828843842928030062e+04
5.000000000000000000e+00 1.718860875679109013e+05
7.000000000000000000e+00 2.751562507115602493e+05
9.000000000000000000e+00 3.979979712230796576e+05
1.100000000000000000e+01 5.403107899332754314e+05
1.300000000000000000e+01 7.019947434308411321e+05
1.500000000000000000e+01 8.829503623552731005e+05
1.700000000000000000e+01 1.083078669692765689e+06
1.900000000000000000e+01 1.302281179075089982e+06
2.100000000000000000e+01 1.540459893081451999e+06
2.300000000000000000e+01 1.797517301543335896e+06
2.500000000000000000e+01 2.073356379852322396e+06
2.700000000000000000e+01 2.367880587270899676e+06
2.900000000000000000e+01 2.680993865246240515e+06
3.100000000000000000e+01 3.012600635726979002e+06
3.300000000000000000e+01 3.362605799482949078e+06
3.500000000000000000e+01 3.730914734427926131e+06
3.700000000000000000e+01 4.117433293945329729e+06
3.900000000000000000e+01 4.522067805216923356e+06
4.100000000000000000e+01 4.944725067554485984e+06
4.300000000000000000e+01 5.385312350734474137e+06
4.500000000000000000e+01 5.843737393335650675e+06
4.700000000000000000e+01 6.319908401079719886e+06
4.900000000000000000e+01 6.813734045174908824e+06
5.100000000000000000e+01 7.325123460662571713e+06
5.300000000000000000e+01 7.853986244766741991e+06
5.500000000000000000e+01 8.400232455246679485e+06
5.700000000000000000e+01 8.963772608752408996e+06
5.900000000000000000e+01 9.544517679183209315e+06
6.100000000000000000e+01 1.014237909604912437e+07
6.300000000000000000e+01 1.075726874283543229e+07
6.500000000000000000e+01 1.138909895537008718e+07
6.700000000000000000e+01 1.203778252019416913e+07
6.900000000000000000e+01 1.270323267293529771e+07
7.100000000000000000e+01 1.338536309668402746e+07
7.300000000000000000e+01 1.408408792037323490e+07
7.500000000000000000e+01 1.479932171716046706e+07
7.700000000000000000e+01 1.553097950281331316e+07
7.900000000000000000e+01 1.627897673409770057e+07
8.100000000000000000e+01 1.704322930716920644e+07
8.300000000000000000e+01 1.782365355596737936e+07
8.500000000000000000e+01 1.862016625061295927e+07
8.700000000000000000e+01 1.943268459580817074e+07
8.900000000000000000e+01 2.026112622923992947e+07
9.100000000000000000e+01 2.110540921998607367e+07
9.300000000000000000e+01 2.196545206692454964e+07
9.500000000000000000e+01 2.284117369714561477e+07
9.700000000000000000e+01 2.373249346436694264e+07
9.900000000000000000e+01 2.463933114735183865e+07
1.010000000000000000e+02 2.556160694833029807e+07
1.030000000000000000e+02 2.649924149142314121e+07
1.050000000000000000e+02 2.745215582106911391e+07
1.070000000000000000e+02 2.842027140045490861e+07
1.090000000000000000e+02 2.940351010994826630e+07
1.110000000000000000e+02 3.040179424553396925e+07
1.130000000000000000e+02 3.141504651725287735e+07
1.150000000000000000e+02 3.244319004764390364e+07
1.170000000000000000e+02 3.348614837018899247e+07
1.190000000000000000e+02 3.454384542776111513e+07
1.210000000000000000e+02 3.561620557107514888e+07
1.230000000000000000e+02 3.670315355714184046e+07
1.250000000000000000e+02 3.780461454772465676e+07
1.270000000000000000e+02 3.892051410779976100e+07
1.290000000000000000e+02 4.005077820401878655e+07
1.310000000000000000e+02 4.119533320317473263e+07
1.330000000000000000e+02 4.235410587067078054e+07
1.350000000000000000e+02 4.352702336899209023e+07
1.370000000000000000e+02 4.471401325618060678e+07
1.390000000000000000e+02 4.591500348431287706e+07
1.410000000000000000e+02 4.712992239798066765e+07
1.430000000000000000e+02 4.835869873277490586e+07
1.450000000000000000e+02 4.960126161377219111e+07
1.470000000000000000e+02 5.085754055402460694e+07
1.490000000000000000e+02 5.212746545305243880e+07
1.510000000000000000e+02 5.341096659533971548e+07
1.530000000000000000e+02 5.470797464883297682e+07
1.550000000000000000e+02 5.601842066344276816e+07
1.570000000000000000e+02 5.734223606954839826e+07
1.590000000000000000e+02 5.867935267650543153e+07
1.610000000000000000e+02 6.002970267115624994e+07
1.630000000000000000e+02 6.139321861634366959e+07
1.650000000000000000e+02 6.276983344942741841e+07
1.670000000000000000e+02 6.415948048080366850e+07
1.690000000000000000e+02 6.556209339242760092e+07
1.710000000000000000e+02 6.697760623633872718e+07
1.730000000000000000e+02 6.840595343318954110e+07
1.750000000000000000e+02 6.984706977077674866e+07
1.770000000000000000e+02 7.130089040257592499e+07
1.790000000000000000e+02 7.276735084627872705e+07
1.810000000000000000e+02 7.424638698233340681e+07
1.830000000000000000e+02 7.573793505248808861e+07
1.850000000000000000e+02 7.724193165833713114e+07
1.870000000000000000e+02 7.875831375987060368e+07
1.890000000000000000e+02 8.028701867402631044e+07
1.910000000000000000e+02 8.182798407324542105e+07
1.930000000000000000e+02 8.338114798403044045e+07
1.950000000000000000e+02 8.494644878550672531e+07
1.970000000000000000e+02 8.652382520798656344e+07
1.990000000000000000e+02 8.811321633153641224e+07
2.010000000000000000e+02 8.971456158454711735e+07
2.030000000000000000e+02 9.132780074230718613e+07
2.050000000000000000e+02 9.295287392557880282e+07
2.070000000000000000e+02 9.458972159917703271e+07
2.090000000000000000e+02 9.623828457055205107e+07
2.110000000000000000e+02 9.789850398837409914e+07
2.130000000000000000e+02 9.957032134112165868e+07
2.150000000000000000e+02 1.012536784556725174e+08
2.170000000000000000e+02 1.029485174958978146e+08
2.190000000000000000e+02 1.046547809612590522e+08
2.210000000000000000e+02 1.063724116854082346e+08
2.230000000000000000e+02 1.081013528347906768e+08
2.250000000000000000e+02 1.098415479072511792e+08
2.270000000000000000e+02 1.115929407306427658e+08
2.290000000000000000e+02 1.133554754614388645e+08
2.310000000000000000e+02 1.151290965833482444e+08
2.330000000000000000e+02 1.169137489059325159e+08
2.350000000000000000e+02 1.187093775632275492e+08
2.370000000000000000e+02 1.205159280123669654e+08
2.390000000000000000e+02 1.223333460322093070e+08
2.410000000000000000e+02 1.241615777219676226e+08
2.430000000000000000e+02 1.260005694998421818e+08
2.450000000000000000e+02 1.278502681016567796e+08
2.470000000000000000e+02 1.297106205794969499e+08
2.490000000000000000e+02 1.315815743003520668e+08
2.510000000000000000e+02 1.334630769447598755e+08
2.530000000000000000e+02 1.353550765054544806e+08
2.550000000000000000e+02 1.372575212860168219e+08
2.570000000000000000e+02 1.391703598995283544e+08
2.590000000000000000e+02 1.410935412672279775e+08
2.610000000000000000e+02 1.430270146171713471e+08
2.630000000000000000e+02 1.449707294828937650e+08
2.650000000000000000e+02 1.469246357020756602e+08
2.670000000000000000e+02 1.488886834152111113e+08
2.690000000000000000e+02 1.508628230642797947e+08
2.710000000000000000e+02 1.528470053914209902e+08
2.730000000000000000e+02 1.548411814376116395e+08
2.750000000000000000e+02 1.568453025413464606e+08
2.770000000000000000e+02 1.588593203373217583e+08
2.790000000000000000e+02 1.608831867551217079e+08
2.810000000000000000e+02 1.629168540179078877e+08
2.830000000000000000e+02 1.649602746411117613e+08
2.850000000000000000e+02 1.670134014311301112e+08
2.870000000000000000e+02 1.690761874840233326e+08
2.890000000000000000e+02 1.711485861842168570e+08
2.910000000000000000e+02 1.732305512032059431e+08
2.930000000000000000e+02 1.753220364982621074e+08
2.950000000000000000e+02 1.774229963111444414e+08
2.970000000000000000e+02 1.795333851668123901e+08
2.990000000000000000e+02 1.816531578721421361e+08
3.010000000000000000e+02 1.837822695146459341e+08
3.030000000000000000e+02 1.859206754611944258e+08
3.050000000000000000e+02 1.880683313567416966e+08
3.070000000000000000e+02 1.902251931230537593e+08
3.090000000000000000e+02 1.923912169574396312e+08
3.110000000000000000e+02 1.945663593314852417e+08
3.130000000000000000e+02 1.967505769897913039e+08
3.150000000000000000e+02 1.989438269487127662e+08
3.170000000000000000e+02 2.011460664951023161e+08
3.190000000000000000e+02 2.033572531850564480e+08
3.210000000000000000e+02 2.055773448426643610e+08
3.230000000000000000e+02 2.078062995587604940e+08
3.250000000000000000e+02 2.100440756896789372e+08
3.270000000000000000e+02 2.122906318560121357e+08
3.290000000000000000e+02 2.145459269413714111e+08
3.310000000000000000e+02 2.168099200911512971e+08
3.330000000000000000e+02 2.190825707112964392e+08
3.350000000000000000e+02 2.213638384670711756e+08
3.370000000000000000e+02 2.236536832818333209e+08
3.390000000000000000e+02 2.259520653358092010e+08
3.410000000000000000e+02 2.282589450648732781e+08
3.430000000000000000e+02 2.305742831593295336e+08
3.450000000000000000e+02 2.328980405626966059e+08
3.470000000000000000e+02 2.352301784704957604e+08
3.490000000000000000e+02 2.375706583290414214e+08
3.510000000000000000e+02 2.399194418342350423e+08
3.530000000000000000e+02 2.422764909303622842e+08
3.550000000000000000e+02 2.446417678088923097e+08
3.570000000000000000e+02 2.470152349072807431e+08
3.590000000000000000e+02 2.493968549077757299e+08
3.610000000000000000e+02 2.517865907362261713e+08
3.630000000000000000e+02 2.541844055608933866e+08
3.650000000000000000e+02 2.565902627912665308e+08
3.670000000000000000e+02 2.590041260768797398e+08
3.690000000000000000e+02 2.614259593061324954e+08
3.710000000000000000e+02 2.638557266051138341e+08
3.730000000000000000e+02 2.662933923364287913e+08
3.750000000000000000e+02 2.687389210980278254e+08
3.770000000000000000e+02 2.711922777220399380e+08
3.790000000000000000e+02 2.736534272736070752e+08
3.810000000000000000e+02 2.761223350497242808e+08
3.830000000000000000e+02 2.785989665780797005e+08
3.850000000000000000e+02 2.810832876159002185e+08
3.870000000000000000e+02 2.835752641487981677e+08
3.890000000000000000e+02 2.860748623896223307e+08
3.910000000000000000e+02 2.885820487773113251e+08
3.930000000000000000e+02 2.910967899757494330e+08
3.950000000000000000e+02 2.936190528726269603e+08
3.970000000000000000e+02 2.961488045783020258e+08
3.990000000000000000e+02 2.986860124246658087e+08
4.010000000000000000e+02 3.012306439640117884e+08
4.030000000000000000e+02 3.037826669679057598e+08
4.050000000000000000e+02 3.063420494260615110e+08
4.070000000000000000e+02 3.089087595452171564e+08
4.090000000000000000e+02 3.114827657480157614e+08
4.110000000000000000e+02 3.140640366718887687e+08
4.130000000000000000e+02 3.166525411679420471e+08
4.150000000000000000e+02 3.192482482998452783e+08
4.170000000000000000e+02 3.218511273427236080e+08
4.190000000000000000e+02 3.244611477820540071e+08
4.210000000000000000e+02 3.270782793125622869e+08
4.230000000000000000e+02 3.297024918371248245e+08
4.250000000000000000e+02 3.323337554656727314e+08
4.270000000000000000e+02 3.349720405140985250e+08
4.290000000000000000e+02 3.376173175031667948e+08
4.310000000000000000e+02 3.402695571574270129e+08
4.330000000000000000e+02 3.429287304041295648e+08
4.350000000000000000e+02 3.455948083721451163e+08
4.370000000000000000e+02 3.482677623908860683e+08
4.390000000000000000e+02 3.509475639892320037e+08
4.410000000000000000e+02 3.536341848944573998e+08
4.430000000000000000e+02 3.563275970311632156e+08
4.450000000000000000e+02 3.590277725202100873e+08
4.470000000000000000e+02 3.617346836776556969e+08
4.490000000000000000e+02 3.644483030136945248e+08
4.510000000000000000e+02 3.671686032316004038e+08
4.530000000000000000e+02 3.698955572266739011e+08
4.550000000000000000e+02 3.726291380851891041e+08
4.570000000000000000e+02 3.753693190833466649e+08
4.590000000000000000e+02 3.781160736862285733e+08
4.610000000000000000e+02 3.808693755467557311e+08
4.630000000000000000e+02 3.836291985046491623e+08
4.650000000000000000e+02 3.863955165853924155e+08
4.670000000000000000e+02 3.891683039992008209e+08
4.690000000000000000e+02 3.919475351399883628e+08
4.710000000000000000e+02 3.947331845843425393e+08
4.730000000000000000e+02 3.975252270904995799e+08
4.750000000000000000e+02 4.003236375973219275e+08
4.770000000000000000e+02 4.031283912232816815e+08
4.790000000000000000e+02 4.059394632654437423e+08
4.810000000000000000e+02 4.087568291984547377e+08
4.830000000000000000e+02 4.115804646735323071e+08
4.850000000000000000e+02 4.144103455174600482e+08
4.870000000000000000e+02 4.172464477315826416e+08
4.890000000000000000e+02 4.200887474908066392e+08
4.910000000000000000e+02 4.229372211426025033e+08
4.930000000000000000e+02 4.257918452060098648e+08
4.950000000000000000e+02 4.286525963706467152e+08
4.970000000000000000e+02 4.315194514957201481e+08
4.990000000000000000e+02 4.343923876090411544e+08
5.010000000000000000e+02 4.372713819060420990e+08
5.030000000000000000e+02 4.401564117487968206e+08
5.050000000000000000e+02 4.430474546650450230e+08
5.070000000000000000e+02 4.459444883472169638e+08
5.090000000000000000e+02 4.488474906514646411e+08
5.110000000000000000e+02 4.517564395966926217e+08
5.130000000000000000e+02 4.546713133635946512e+08
5.150000000000000000e+02 4.575920902936909199e+08
5.170000000000000000e+02 4.605187488883699179e+08
5.190000000000000000e+02 4.634512678079329133e+08
5.210000000000000000e+02 4.663896258706402183e+08
5.230000000000000000e+02 4.693338020517627597e+08
5.250000000000000000e+02 4.722837754826341271e+08
5.270000000000000000e+02 4.752395254497076869e+08
5.290000000000000000e+02 4.782010313936152458e+08
5.310000000000000000e+02 4.811682729082291126e+08
5.330000000000000000e+02 4.841412297397279143e+08
5.350000000000000000e+02 4.871198817856636047e+08
5.370000000000000000e+02 4.901042090940341949e+08
5.390000000000000000e+02 4.930941918623557091e+08
5.410000000000000000e+02 4.960898104367417097e+08
5.430000000000000000e+02 4.990910453109806776e+08
5.450000000000000000e+02 5.020978771256220341e+08
5.470000000000000000e+02 5.051102866670593023e+08
5.490000000000000000e+02 5.081282548666211963e+08
5.510000000000000000e+02 5.111517627996623516e+08
5.530000000000000000e+02 5.141807916846588850e+08
5.550000000000000000e+02 5.172153228823059201e+08
5.570000000000000000e+02 5.202553378946191669e+08
5.590000000000000000e+02 5.233008183640385866e+08
5.610000000000000000e+02 5.263517460725345016e+08
5.630000000000000000e+02 5.294081029407182932e+08
5.650000000000000000e+02 5.324698710269557238e+08
5.670000000000000000e+02 5.355370325264808536e+08
5.690000000000000000e+02 5.386095697705177069e+08
5.710000000000000000e+02 5.416874652253986597e+08
5.730000000000000000e+02 5.447707014916927814e+08
5.750000000000000000e+02 5.478592613033303022e+08
5.770000000000000000e+02 5.509531275267360210e+08
5.790000000000000000e+02 5.540522831599618196e+08
5.810000000000000000e+02 5.571567113318223953e+08
5.830000000000000000e+02 5.602663953010375500e+08
5.850000000000000000e+02 5.633813184553716183e+08
5.870000000000000000e+02 5.665014643107821941e+08
5.890000000000000000e+02 5.696268165105669498e+08
5.910000000000000000e+02 5.727573588245154619e+08
5.930000000000000000e+02 5.758930751480641365e+08
5.950000000000000000e+02 5.790339495014537573e+08
5.970000000000000000e+02 5.821799660288900137e+08
5.990000000000000000e+02 5.853311089977066517e+08
6.010000000000000000e+02 5.884873627975327969e+08
6.030000000000000000e+02 5.916487119394613504e+08
6.050000000000000000e+02 5.948151410552227497e+08
6.070000000000000000e+02 5.979866348963596821e+08
6.090000000000000000e+02 6.011631783334050179e+08
6.110000000000000000e+02 6.043447563550649881e+08
6.130000000000000000e+02 6.075313540674012899e+08
6.150000000000000000e+02 6.107229566930205822e+08
6.170000000000000000e+02 6.139195495702633858e+08
6.190000000000000000e+02 6.171211181523978710e+08
6.210000000000000000e+02 6.203276480068171024e+08
6.230000000000000000e+02 6.235391248142367601e+08
6.250000000000000000e+02 6.267555343678985834e+08
6.270000000000000000e+02 6.299768625727754831e+08
6.290000000000000000e+02 6.332030954447791576e+08
6.310000000000000000e+02 6.364342191099722385e+08
6.330000000000000000e+02 6.396702198037821054e+08
6.350000000000000000e+02 6.429110838702175617e+08
6.370000000000000000e+02 6.461567977610902786e+08
6.390000000000000000e+02 6.494073480352367163e+08
6.410000000000000000e+02 6.526627213577450514e+08
6.430000000000000000e+02 6.559229044991840124e+08
6.450000000000000000e+02 6.591878843348349333e+08
6.470000000000000000e+02 6.624576478439269066e+08
6.490000000000000000e+02 6.657321821088753939e+08
6.510000000000000000e+02 6.690114743145220280e+08
6.530000000000000000e+02 6.722955117473797798e+08
6.550000000000000000e+02 6.755842817948801517e+08
6.570000000000000000e+02 6.788777719446219206e+08
6.590000000000000000e+02 6.821759697836253643e+08
6.610000000000000000e+02 6.854788629975870848e+08
6.630000000000000000e+02 6.887864393701404333e+08
6.650000000000000000e+02 6.920986867821164131e+08
6.670000000000000000e+02 6.954155932108081579e+08
6.690000000000000000e+02 6.987371467292401791e+08
6.710000000000000000e+02 7.020633355054385662e+08
6.730000000000000000e+02 7.053941478017040491e+08
6.750000000000000000e+02 7.087295719738903046e+08
6.770000000000000000e+02 7.120695964706829786e+08
6.790000000000000000e+02 7.154142098328824043e+08
6.810000000000000000e+02 7.187634006926890612e+08
6.830000000000000000e+02 7.221171577729943991e+08
6.850000000000000000e+02 7.254754698866695166e+08
6.870000000000000000e+02 7.288383259358617067e+08
6.890000000000000000e+02 7.322057149112923145e+08
6.910000000000000000e+02 7.355776258915567398e+08
6.930000000000000000e+02 7.389540480424287319e+08
6.950000000000000000e+02 7.423349706161657572e+08
6.970000000000000000e+02 7.457203829508200884e+08
6.990000000000000000e+02 7.491102744695510864e+08
7.010000000000000000e+02 7.525046346799405813e+08
7.030000000000000000e+02 7.559034531733109951e+08
7.050000000000000000e+02 7.593067196240476370e+08
7.070000000000000000e+02 7.627144237889232635e+08
7.090000000000000000e+02 7.661265555064250231e+08
7.110000000000000000e+02 7.695431046960847378e+08
7.130000000000000000e+02 7.729640613578143120e+08
7.150000000000000000e+02 7.763894155712398291e+08
7.170000000000000000e+02 7.798191574950419664e+08
7.190000000000000000e+02 7.832532773662989140e+08
7.210000000000000000e+02 7.866917654998309612e+08
7.230000000000000000e+02 7.901346122875497341e+08
7.250000000000000000e+02 7.935818081978081465e+08
7.270000000000000000e+02 7.970333437747570276e+08
7.290000000000000000e+02 8.004892096377003193e+08
7.310000000000000000e+02 8.039493964804562330e+08
7.330000000000000000e+02 8.074138950707210302e+08
7.350000000000000000e+02 8.108826962494348288e+08
7.370000000000000000e+02 8.143557909301500320e+08
7.390000000000000000e+02 8.178331700984052420e+08
7.410000000000000000e+02 8.213148248110998869e+08
7.430000000000000000e+02 8.248007461958718300e+08
7.450000000000000000e+02 8.282909254504783154e+08
7.470000000000000000e+02 8.317853538421821594e+08
7.490000000000000000e+02 8.352840227071367502e+08
7.510000000000000000e+02 8.387869234497770071e+08
7.530000000000000000e+02 8.422940475422122478e+08
7.550000000000000000e+02 8.458053865236237049e+08
7.570000000000000000e+02 8.493209319996608496e+08
7.590000000000000000e+02 8.528406756418460608e+08
7.610000000000000000e+02 8.563646091869783401e+08
7.630000000000000000e+02 8.598927244365415573e+08
7.650000000000000000e+02 8.634250132561162710e+08
7.670000000000000000e+02 8.669614675747914314e+08
7.690000000000000000e+02 8.705020793845852613e+08
7.710000000000000000e+02 8.740468407398606539e+08
7.730000000000000000e+02 8.775957437567505836e+08
7.750000000000000000e+02 8.811487806125861406e+08
7.770000000000000000e+02 8.847059435453205109e+08
7.790000000000000000e+02 8.882672248529641628e+08
7.810000000000000000e+02 8.918326168930194378e+08
7.830000000000000000e+02 8.954021120819176435e+08
7.850000000000000000e+02 8.989757028944598436e+08
7.870000000000000000e+02 9.025533818632608652e+08
7.890000000000000000e+02 9.061351415781977177e+08
7.910000000000000000e+02 9.097209746858561039e+08
7.930000000000000000e+02 9.133108738889856339e+08
7.950000000000000000e+02 9.169048319459547997e+08
7.970000000000000000e+02 9.205028416702098846e+08
7.990000000000000000e+02 9.241048959297364950e+08
8.010000000000000000e+02 9.277109876465238333e+08
8.030000000000000000e+02 9.313211097960337400e+08
8.050000000000000000e+02 9.349352554066693783e+08
8.070000000000000000e+02 9.385534175592504740e+08
8.090000000000000000e+02 9.421755893864886761e+08
8.110000000000000000e+02 9.458017640724693537e+08
8.130000000000000000e+02 9.494319348521302938e+08
8.150000000000000000e+02 9.530660950107517242e+08
8.170000000000000000e+02 9.567042378834410906e+08
8.190000000000000000e+02 9.603463568546276093e+08
8.210000000000000000e+02 9.639924453575541973e+08
8.230000000000000000e+02 9.676424968737759590e+08
8.250000000000000000e+02 9.712965049326621294e+08
8.270000000000000000e+02 9.749544631108963490e+08
8.290000000000000000e+02 9.786163650319859982e+08
8.310000000000000000e+02 9.822822043657708168e+08
8.330000000000000000e+02 9.859519748279339075e+08
8.350000000000000000e+02 9.896256701795188189e+08
8.370000000000000000e+02 9.933032842264466286e+08
8.390000000000000000e+02 9.969848108190388680e+08
8.410000000000000000e+02 1.000670243851540089e+09
8.430000000000000000e+02 1.004359577261646152e+09
8.450000000000000000e+02 1.008052805030033946e+09
8.470000000000000000e+02 1.011749921179895520e+09
8.490000000000000000e+02 1.015450919776473403e+09
8.510000000000000000e+02 1.019155794926599979e+09
8.530000000000000000e+02 1.022864540778239965e+09
8.550000000000000000e+02 1.026577151520036578e+09
8.570000000000000000e+02 1.030293621380856872e+09
8.590000000000000000e+02 1.034013944629345536e+09
8.610000000000000000e+02 1.037738115573478818e+09
8.630000000000000000e+02 1.041466128560119629e+09
8.650000000000000000e+02 1.045197977974579334e+09
8.670000000000000000e+02 1.048933658240181565e+09
8.690000000000000000e+02 1.052673163817826033e+09
8.710000000000000000e+02 1.056416489205558538e+09
8.730000000000000000e+02 1.060163628938143134e+09
8.750000000000000000e+02 1.063914577586638927e+09
8.770000000000000000e+02 1.067669329757973671e+09
8.790000000000000000e+02 1.071427880094529033e+09
8.810000000000000000e+02 1.075190223273722172e+09
8.830000000000000000e+02 1.078956354007593393e+09
8.850000000000000000e+02 1.082726267042396545e+09
8.870000000000000000e+02 1.086499957158190012e+09
8.890000000000000000e+02 1.090277419168435335e+09
8.910000000000000000e+02 1.094058647919593811e+09
8.930000000000000000e+02 1.097843638290728807e+09
8.950000000000000000e+02 1.101632385193112612e+09
8.970000000000000000e+02 1.105424883569830894e+09
8.990000000000000000e+02 1.109221128395395756e+09
9.010000000000000000e+02 1.113021114675358295e+09
9.030000000000000000e+02 1.116824837445927143e+09
9.050000000000000000e+02 1.120632291773585796e+09
9.070000000000000000e+02 1.124443472754717350e+09
9.090000000000000000e+02 1.128258375515227795e+09
9.110000000000000000e+02 1.132076995210177422e+09
9.130000000000000000e+02 1.135899327023412704e+09
9.150000000000000000e+02 1.139725366167196035e+09
9.170000000000000000e+02 1.143555107881850004e+09
9.190000000000000000e+02 1.147388547435392857e+09
9.210000000000000000e+02 1.151225680123184919e+09
9.230000000000000000e+02 1.155066501267573118e+09
9.250000000000000000e+02 1.158911006217542648e+09
9.270000000000000000e+02 1.162759190348368645e+09
9.290000000000000000e+02 1.166611049061270952e+09
9.310000000000000000e+02 1.170466577783072948e+09
9.330000000000000000e+02 1.174325771965864182e+09
9.350000000000000000e+02 1.178188627086662292e+09
9.370000000000000000e+02 1.182055138647083521e+09
9.390000000000000000e+02 1.185925302173011303e+09
9.410000000000000000e+02 1.189799113214268684e+09
9.430000000000000000e+02 1.193676567344298601e+09
9.450000000000000000e+02 1.197557660159838200e+09
9.470000000000000000e+02 1.201442387280603886e+09
9.490000000000000000e+02 1.205330744348978043e+09
9.510000000000000000e+02 1.209222727029693604e+09
9.530000000000000000e+02 1.213118331009526968e+09
9.550000000000000000e+02 1.217017551996996880e+09
9.570000000000000000e+02 1.220920385722052574e+09
9.590000000000000000e+02 1.224826827935780764e+09
9.610000000000000000e+02 1.228736874410107374e+09
9.630000000000000000e+02 1.232650520937502623e+09
9.650000000000000000e+02 1.236567763330691338e+09
9.670000000000000000e+02 1.240488597422363997e+09
9.690000000000000000e+02 1.244413019064893484e+09
9.710000000000000000e+02 1.248341024130051851e+09
9.730000000000000000e+02 1.252272608508731127e+09
9.750000000000000000e+02 1.256207768110669136e+09
9.770000000000000000e+02 1.260146498864175320e+09
9.790000000000000000e+02 1.264088796715859413e+09
9.810000000000000000e+02 1.268034657630367994e+09
9.830000000000000000e+02 1.271984077590117455e+09
9.850000000000000000e+02 1.275937052595034599e+09
9.870000000000000000e+02 1.279893578662297964e+09
9.890000000000000000e+02 1.283853651826082468e+09
9.910000000000000000e+02 1.287817268137307405e+09
9.930000000000000000e+02 1.291784423663388729e+09
9.950000000000000000e+02 1.295755114487990379e+09
9.970000000000000000e+02 1.299729336710784912e+09
9.990000000000000000e+02 1.303707086447209358e+09
1.001000000000000000e+03 1.307688359828230381e+09
1.003000000000000000e+03 1.311673153000109673e+09
1.005000000000000000e+03 1.315661462124172211e+09
1.007000000000000000e+03 1.319653283376577854e+09
1.009000000000000000e+03 1.323648612948098660e+09
1.011000000000000000e+03 1.327647447043893099e+09
1.013000000000000000e+03 1.331649781883289099e+09
1.015000000000000000e+03 1.335655613699566364e+09
1.017000000000000000e+03 1.339664938739744186e+09
1.019000000000000000e+03 1.343677753264371157e+09
1.021000000000000000e+03 1.347694053547315359e+09
1.023000000000000000e+03 1.351713835875565290e+09
1.025000000000000000e+03 1.355737096549022198e+09
1.027000000000000000e+03 1.359763831880305290e+09
1.029000000000000000e+03 1.363794038194555759e+09
1.031000000000000000e+03 1.367827711829245806e+09
1.033000000000000000e+03 1.371864849133985996e+09
1.035000000000000000e+03 1.375905446470340252e+09
1.037000000000000000e+03 1.379949500211643457e+09
1.039000000000000000e+03 1.383997006742819071e+09
1.041000000000000000e+03 1.388047962460204363e+09
1.043000000000000000e+03 1.392102363771371841e+09
1.045000000000000000e+03 1.396160207094960690e+09
1.047000000000000000e+03 1.400221488860508204e+09
1.049000000000000000e+03 1.404286205508281469e+09
1.051000000000000000e+03 1.408354353489120245e+09
1.053000000000000000e+03 1.412425929264268160e+09
1.055000000000000000e+03 1.416500929305227995e+09
1.057000000000000000e+03 1.420579350093596458e+09
1.059000000000000000e+03 1.424661188120921373e+09
1.061000000000000000e+03 1.428746439888550520e+09
1.063000000000000000e+03 1.432835101907488108e+09
1.065000000000000000e+03 1.436927170698250294e+09
1.067000000000000000e+03 1.441022642790732622e+09
1.069000000000000000e+03 1.445121514724067211e+09
1.071000000000000000e+03 1.449223783046494484e+09
1.073000000000000000e+03 1.453329444315230370e+09
1.075000000000000000e+03 1.457438495096343756e+09
1.077000000000000000e+03 1.461550931964626312e+09
1.079000000000000000e+03 1.465666751503478050e+09
1.081000000000000000e+03 1.469785950304784298e+09
1.083000000000000000e+03 1.473908524968805790e+09
1.085000000000000000e+03 1.478034472104061127e+09
1.087000000000000000e+03 1.482163788327222347e+09
1.089000000000000000e+03 1.486296470263006926e+09
1.091000000000000000e+03 1.490432514544074774e+09
1.093000000000000000e+03 1.494571917810928345e+09
1.095000000000000000e+03 1.498714676711816311e+09
1.097000000000000000e+03 1.502860787902639389e+09
1.099000000000000000e+03 1.507010248046859026e+09
1.101000000000000000e+03 1.511163053815408707e+09
1.103000000000000000e+03 1.515319201886607885e+09
1.105000000000000000e+03 1.519478688946084738e+09
1.107000000000000000e+03 1.523641511686691761e+09
1.109000000000000000e+03 1.527807666808429956e+09
1.111000000000000000e+03 1.531977151018380642e+09
1.113000000000000000e+03 1.536149961030629635e+09
1.115000000000000000e+03 1.540326093566201210e+09
1.117000000000000000e+03 1.544505545352998495e+09
1.119000000000000000e+03 1.548688313125734568e+09
1.121000000000000000e+03 1.552874393625881910e+09
1.123000000000000000e+03 1.557063783601609468e+09
1.125000000000000000e+03 1.561256479807738543e+09
1.127000000000000000e+03 1.565452479005686760e+09
1.129000000000000000e+03 1.569651777963424444e+09
1.131000000000000000e+03 1.573854373455430746e+09
1.133000000000000000e+03 1.578060262262655497e+09
1.135000000000000000e+03 1.582269441172477961e+09
1.137000000000000000e+03 1.586481906978673935e+09
1.139000000000000000e+03 1.590697656481388330e+09
1.141000000000000000e+03 1.594916686487099171e+09
1.143000000000000000e+03 1.599138993808596849e+09
1.145000000000000000e+03 1.603364575264961958e+09
1.147000000000000000e+03 1.607593427681544781e+09
1.149000000000000000e+03 1.611825547889948606e+09
1.151000000000000000e+03 1.616060932728013992e+09
1.153000000000000000e+03 1.620299579039813995e+09
1.155000000000000000e+03 1.624541483675641298e+09
1.157000000000000000e+03 1.628786643492005587e+09
1.159000000000000000e+03 1.633035055351631403e+09
1.161000000000000000e+03 1.637286716123460054e+09
1.163000000000000000e+03 1.641541622682654381e+09
1.165000000000000000e+03 1.645799771910603285e+09
1.167000000000000000e+03 1.650061160694938660e+09
1.169000000000000000e+03 1.654325785929539919e+09
1.171000000000000000e+03 1.658593644514556170e+09
1.173000000000000000e+03 1.662864733356423378e+09
1.175000000000000000e+03 1.667139049367889166e+09
1.177000000000000000e+03 1.671416589468033791e+09
1.179000000000000000e+03 1.675697350582300663e+09
1.181000000000000000e+03 1.679981329642529249e+09
1.183000000000000000e+03 1.684268523586984634e+09
1.185000000000000000e+03 1.688558929360400200e+09
1.187000000000000000e+03 1.692852543914012909e+09
1.189000000000000000e+03 1.697149364205610037e+09
1.191000000000000000e+03 1.701449387199572802e+09
1.193000000000000000e+03 1.705752609866925478e+09
1.195000000000000000e+03 1.710059029185390711e+09
1.197000000000000000e+03 1.714368642139441252e+09
1.199000000000000000e+03 1.718681445720355511e+09
1.201000000000000000e+03 1.722997436926288128e+09
1.203000000000000000e+03 1.727316612762323380e+09
1.205000000000000000e+03 1.731638970240547180e+09
1.207000000000000000e+03 1.735964506380117178e+09
1.209000000000000000e+03 1.740293218207334518e+09
1.211000000000000000e+03 1.744625102755720854e+09
1.213000000000000000e+03 1.748960157066095114e+09
1.215000000000000000e+03 1.753298378186656713e+09
1.217000000000000000e+03 1.757639763173070908e+09
1.219000000000000000e+03 1.761984309088557959e+09
1.221000000000000000e+03 1.766332013003978252e+09
1.223000000000000000e+03 1.770682871997933865e+09
1.225000000000000000e+03 1.775036883156859398e+09
1.227000000000000000e+03 1.779394043575123787e+09
1.229000000000000000e+03 1.783754350355133295e+09
1.231000000000000000e+03 1.788117800607438087e+09
1.233000000000000000e+03 1.792484391450836420e+09
1.235000000000000000e+03 1.796854120012494087e+09
1.237000000000000000e+03 1.801226983428053141e+09
1.239000000000000000e+03 1.805602978841749430e+09
1.241000000000000000e+03 1.809982103406537533e+09
1.243000000000000000e+03 1.814364354284210205e+09
1.245000000000000000e+03 1.818749728645525217e+09
1.247000000000000000e+03 1.823138223670340300e+09
1.249000000000000000e+03 1.827529836547738552e+09
1.251000000000000000e+03 1.831924564476166010e+09
1.253000000000000000e+03 1.836322404663574934e+09
1.255000000000000000e+03 1.840723354327559710e+09
1.257000000000000000e+03 1.845127410695502520e+09
1.259000000000000000e+03 1.849534571004722357e+09
1.261000000000000000e+03 1.853944832502624750e+09
1.263000000000000000e+03 1.858358192446853876e+09
1.265000000000000000e+03 1.862774648105452061e+09
1.267000000000000000e+03 1.867194196757015944e+09
1.269000000000000000e+03 1.871616835690860510e+09
1.271000000000000000e+03 1.876042562207185268e+09
1.273000000000000000e+03 1.880471373617238998e+09
1.275000000000000000e+03 1.884903267243494749e+09
1.277000000000000000e+03 1.889338240419824600e+09
1.279000000000000000e+03 1.893776290491671562e+09
1.281000000000000000e+03 1.898217414816236734e+09
1.283000000000000000e+03 1.902661610762658358e+09
1.285000000000000000e+03 1.907108875712197542e+09
1.287000000000000000e+03 1.911559207058432579e+09
1.289000000000000000e+03 1.916012602207443953e+09
1.291000000000000000e+03 1.920469058578013897e+09
1.293000000000000000e+03 1.924928573601824522e+09
1.295000000000000000e+03 1.929391144723657131e+09
1.297000000000000000e+03 1.933856769401599169e+09
1.299000000000000000e+03 1.938325445107246161e+09
1.301000000000000000e+03 1.942797169325919390e+09
1.303000000000000000e+03 1.947271939556869745e+09
1.305000000000000000e+03 1.951749753313503742e+09
1.307000000000000000e+03 1.956230608123594999e+09
1.309000000000000000e+03 1.960714501529507399e+09
1.311000000000000000e+03 1.965201431088424206e+09
1.313000000000000000e+03 1.969691394372570038e+09
1.315000000000000000e+03 1.974184388969449282e+09
1.317000000000000000e+03 1.978680412482072830e+09
1.319000000000000000e+03 1.983179462529196501e+09
1.321000000000000000e+03 1.987681536745565653e+09
1.323000000000000000e+03 1.992186632782154799e+09
1.325000000000000000e+03 1.996694748306410551e+09
1.327000000000000000e+03 2.001205881002505541e+09
1.329000000000000000e+03 2.005720028571585655e+09
1.331000000000000000e+03 2.010237188732031584e+09
1.333000000000000000e+03 2.014757359219705820e+09
1.335000000000000000e+03 2.019280537788228035e+09
1.337000000000000000e+03 2.023806722209223986e+09
1.339000000000000000e+03 2.028335910272601128e+09
1.341000000000000000e+03 2.032868099786814690e+09
1.343000000000000000e+03 2.037403288579144716e+09
1.345000000000000000e+03 2.041941474495967388e+09
1.347000000000000000e+03 2.046482655403034687e+09
1.349000000000000000e+03 2.051026829185755968e+09
1.351000000000000000e+03 2.055573993749484539e+09
1.353000000000000000e+03 2.060124147019801855e+09
1.355000000000000000e+03 2.064677286942811489e+09
1.357000000000000000e+03 2.069233411485431194e+09
1.359000000000000000e+03 2.073792518635688782e+09
1.361000000000000000e+03 2.078354606403021097e+09
1.363000000000000000e+03 2.082919672818582535e+09
1.365000000000000000e+03 2.087487715935536385e+09
1.367000000000000000e+03 2.092058733829385281e+09
1.369000000000000000e+03 2.096632724598259687e+09
1.371000000000000000e+03 2.101209686363245964e+09
1.373000000000000000e+03 2.105789617268702745e+09
1.375000000000000000e+03 2.110372515482577562e+09
1.377000000000000000e+03 2.114958379196729422e+09
1.379000000000000000e+03 2.119547206627261400e+09
1.381000000000000000e+03 2.124138996014842749e+09
1.383000000000000000e+03 2.128733745625046968e+09
1.385000000000000000e+03 2.133331453748683929e+09
1.387000000000000000e+03 2.137932118702135563e+09
1.389000000000000000e+03 2.142535738827708006e+09
1.391000000000000000e+03 2.147142312493959665e+09
1.393000000000000000e+03 2.151751838096065521e+09
1.395000000000000000e+03 2.156364314056152344e+09
1.397000000000000000e+03 2.160979738823660374e+09
1.399000000000000000e+03 2.165598110875697613e+09
1.401000000000000000e+03 2.170219428717402458e+09
1.403000000000000000e+03 2.174843690882297993e+09
1.405000000000000000e+03 2.179470895932661533e+09
1.407000000000000000e+03 2.184101042459895134e+09
1.409000000000000000e+03 2.188734129084891796e+09
1.411000000000000000e+03 2.193370154458415031e+09
1.413000000000000000e+03 2.198009117261468887e+09
1.415000000000000000e+03 2.202651016205686092e+09
1.417000000000000000e+03 2.207295850033702850e+09
1.419000000000000000e+03 2.211943617519550800e+09
1.421000000000000000e+03 2.216594317469043732e+09
1.423000000000000000e+03 2.221247948720172882e+09
1.425000000000000000e+03 2.225904510143492222e+09
1.427000000000000000e+03 2.230564000642528534e+09
1.429000000000000000e+03 2.235226419154173851e+09
1.431000000000000000e+03 2.239891764649096966e+09
1.433000000000000000e+03 2.244560036132139206e+09
1.435000000000000000e+03 2.249231232642732620e+09
1.437000000000000000e+03 2.253905353255314350e+09
1.439000000000000000e+03 2.258582397079734802e+09
1.441000000000000000e+03 2.263262363261681557e+09
1.443000000000000000e+03 2.267945250983102322e+09
1.445000000000000000e+03 2.272631059462625027e+09
1.447000000000000000e+03 2.277319787955989361e+09
1.449000000000000000e+03 2.282011435756474018e+09
1.451000000000000000e+03 2.286706002195334911e+09
1.453000000000000000e+03 2.291403486642240524e+09
1.455000000000000000e+03 2.296103888505706310e+09
1.457000000000000000e+03 2.300807207233547688e+09
1.459000000000000000e+03 2.305513442313313007e+09
1.461000000000000000e+03 2.310222593272740841e+09
1.463000000000000000e+03 2.314934659680213451e+09
1.465000000000000000e+03 2.319649641145200729e+09
1.467000000000000000e+03 2.324367537318730831e+09
1.469000000000000000e+03 2.329088347893836975e+09
1.471000000000000000e+03 2.333812072606036186e+09
1.473000000000000000e+03 2.338538711233781815e+09
1.475000000000000000e+03 2.343268263598941326e+09
1.477000000000000000e+03 2.348000729567265987e+09
1.479000000000000000e+03 2.352736109048867226e+09
1.481000000000000000e+03 2.357474401998694420e+09
1.483000000000000000e+03 2.362215608417015553e+09
1.485000000000000000e+03 2.366959728349903584e+09
1.487000000000000000e+03 2.371706761889723301e+09
1.489000000000000000e+03 2.376456709175619125e+09
1.491000000000000000e+03 2.381209570394013882e+09
1.493000000000000000e+03 2.385965345779094696e+09
1.495000000000000000e+03 2.390724035613326550e+09
1.497000000000000000e+03 2.395485640227943420e+09
1.499000000000000000e+03 2.400250160003460884e+09
1.501000000000000000e+03 2.405017595370174408e+09
1.503000000000000000e+03 2.409787946808684826e+09
1.505000000000000000e+03 2.414561214850398540e+09
1.507000000000000000e+03 2.419337400078052998e+09
1.509000000000000000e+03 2.424116503126235962e+09
1.511000000000000000e+03 2.428898524681902885e+09
1.513000000000000000e+03 2.433683465484915733e+09
1.515000000000000000e+03 2.438471326328556538e+09
1.517000000000000000e+03 2.443262108060070038e+09
1.519000000000000000e+03 2.448055811581194401e+09
1.521000000000000000e+03 2.452852437848701954e+09
1.523000000000000000e+03 2.457651987874937534e+09
1.525000000000000000e+03 2.462454462728362083e+09
1.527000000000000000e+03 2.467259863534105301e+09
1.529000000000000000e+03 2.472068191474510193e+09
1.531000000000000000e+03 2.476879447789683342e+09
1.533000000000000000e+03 2.481693633778060436e+09
1.535000000000000000e+03 2.486510750796956539e+09
1.537000000000000000e+03 2.491330800263132095e+09
1.539000000000000000e+03 2.496153783653357506e+09
1.541000000000000000e+03 2.500979702504980087e+09
1.543000000000000000e+03 2.505808558416493416e+09
1.545000000000000000e+03 2.510640353048114777e+09
1.547000000000000000e+03 2.515475088122360706e+09
1.549000000000000000e+03 2.520312765424623013e+09
1.551000000000000000e+03 2.525153386803758621e+09
1.553000000000000000e+03 2.529996954172669411e+09
1.555000000000000000e+03 2.534843469508892059e+09
1.557000000000000000e+03 2.539692934855193138e+09
1.559000000000000000e+03 2.544545352320158005e+09
1.561000000000000000e+03 2.549400724078798294e+09
1.563000000000000000e+03 2.554259052373138905e+09
1.565000000000000000e+03 2.559120339512830257e+09
1.567000000000000000e+03 2.563984587875758648e+09
1.569000000000000000e+03 2.568851799908648968e+09
1.571000000000000000e+03 2.573721978127671719e+09
1.573000000000000000e+03 2.578595125119075298e+09
1.575000000000000000e+03 2.583471243539792538e+09
1.577000000000000000e+03 2.588350336118062019e+09
1.579000000000000000e+03 2.593232405654058933e+09
1.581000000000000000e+03 2.598117455020515919e+09
1.583000000000000000e+03 2.603005487163362980e+09
1.585000000000000000e+03 2.607896505102344513e+09
1.587000000000000000e+03 2.612790511931676388e+09
1.589000000000000000e+03 2.617687510820669651e+09
1.591000000000000000e+03 2.622587505014378071e+09
1.593000000000000000e+03 2.627490497834248543e+09
1.595000000000000000e+03 2.632396492678754807e+09
1.597000000000000000e+03 2.637305493024065018e+09
1.599000000000000000e+03 2.642217502424697876e+09
1.601000000000000000e+03 2.647132524514155388e+09
1.603000000000000000e+03 2.652050563005609512e+09
1.605000000000000000e+03 2.656971621692554474e+09
1.607000000000000000e+03 2.661895704449472427e+09
1.609000000000000000e+03 2.666822815232503891e+09
1.611000000000000000e+03 2.671752958080124855e+09
1.613000000000000000e+03 2.676686137113808632e+09
1.615000000000000000e+03 2.681622356538721085e+09
1.617000000000000000e+03 2.686561620644390106e+09
1.619000000000000000e+03 2.691503933805398464e+09
1.621000000000000000e+03 2.696449300482055187e+09
1.623000000000000000e+03 2.701397725221104622e+09
1.625000000000000000e+03 2.706349212656408787e+09
1.627000000000000000e+03 2.711303767509645462e+09
1.629000000000000000e+03 2.716261394591010571e+09
1.631000000000000000e+03 2.721222098799911499e+09
1.633000000000000000e+03 2.726185885125683784e+09
1.635000000000000000e+03 2.731152758648290157e+09
1.637000000000000000e+03 2.736122724539030552e+09
1.639000000000000000e+03 2.741095788061273098e+09
1.641000000000000000e+03 2.746071954571144581e+09
1.643000000000000000e+03 2.751051229518269062e+09
1.645000000000000000e+03 2.756033618446484089e+09
1.647000000000000000e+03 2.761019126994572639e+09
1.649000000000000000e+03 2.766007760896980286e+09
1.651000000000000000e+03 2.770999525984562874e+09
1.653000000000000000e+03 2.775994428185303211e+09
1.655000000000000000e+03 2.780992473525067806e+09
1.657000000000000000e+03 2.785993668128329277e+09
1.659000000000000000e+03 2.790998018218926430e+09
1.661000000000000000e+03 2.796005530120799541e+09
1.663000000000000000e+03 2.801016210258744717e+09
1.665000000000000000e+03 2.806030065159166813e+09
1.667000000000000000e+03 2.811047101450834751e+09
1.669000000000000000e+03 2.816067325865643501e+09
1.671000000000000000e+03 2.821090745239364624e+09
1.673000000000000000e+03 2.826117366512420654e+09
1.675000000000000000e+03 2.831147196730656147e+09
1.677000000000000000e+03 2.836180243046095848e+09
1.679000000000000000e+03 2.841216512717727184e+09
1.681000000000000000e+03 2.846256013112279892e+09
1.683000000000000000e+03 2.851298751704994678e+09
1.685000000000000000e+03 2.856344736080411911e+09
1.687000000000000000e+03 2.861393973933161736e+09
1.689000000000000000e+03 2.866446473068741322e+09
1.691000000000000000e+03 2.871502241404314995e+09
1.693000000000000000e+03 2.876561286969507694e+09
1.695000000000000000e+03 2.881623617907201290e+09
1.697000000000000000e+03 2.886689242474333763e+09
1.699000000000000000e+03 2.891758169042705059e+09
1.701000000000000000e+03 2.896830406099781036e+09
1.703000000000000000e+03 2.901905962249502182e+09
1.705000000000000000e+03 2.906984846213103294e+09
1.707000000000000000e+03 2.912067066829914570e+09
1.709000000000000000e+03 2.917152633058197498e+09
1.711000000000000000e+03 2.922241553975951195e+09
1.713000000000000000e+03 2.927333838781750679e+09
1.715000000000000000e+03 2.932429496795555592e+09
1.717000000000000000e+03 2.937528537459556580e+09
1.719000000000000000e+03 2.942630970339002609e+09
1.721000000000000000e+03 2.947736805123041153e+09
1.723000000000000000e+03 2.952846051625550747e+09
1.725000000000000000e+03 2.957958719785981178e+09
1.727000000000000000e+03 2.963074819670214176e+09
1.729000000000000000e+03 2.968194361471391201e+09
1.731000000000000000e+03 2.973317355510783672e+09
1.733000000000000000e+03 2.978443812238627911e+09
1.735000000000000000e+03 2.983573742235002995e+09
1.737000000000000000e+03 2.988707156210667133e+09
1.739000000000000000e+03 2.993844065007948399e+09
1.741000000000000000e+03 2.998984479601584435e+09
1.743000000000000000e+03 3.004128411099608421e+09
1.745000000000000000e+03 3.009275870744214058e+09
1.747000000000000000e+03 3.014426869912635803e+09
1.749000000000000000e+03 3.019581420118012905e+09
1.751000000000000000e+03 3.024739533010291100e+09
1.753000000000000000e+03 3.029901220377092838e+09
1.755000000000000000e+03 3.035066494144606590e+09
1.757000000000000000e+03 3.040235366378475666e+09
1.759000000000000000e+03 3.045407849284700394e+09
1.761000000000000000e+03 3.050583955210515499e+09
1.763000000000000000e+03 3.055763696645306587e+09
1.765000000000000000e+03 3.060947086221504211e+09
1.767000000000000000e+03 3.066134136715489864e+09
1.769000000000000000e+03 3.071324861048506260e+09
1.771000000000000000e+03 3.076519272287556171e+09
1.773000000000000000e+03 3.081717383646339893e+09
1.775000000000000000e+03 3.086919208486141205e+09
1.777000000000000000e+03 3.092124760316779137e+09
1.779000000000000000e+03 3.097334052797502041e+09
1.781000000000000000e+03 3.102547099737930775e+09
1.783000000000000000e+03 3.107763915098987579e+09
1.785000000000000000e+03 3.112984512993813038e+09
1.787000000000000000e+03 3.118208907688720703e+09
1.789000000000000000e+03 3.123437113604117393e+09
1.791000000000000000e+03 3.128669145315451145e+09
1.793000000000000000e+03 3.133905017554155827e+09
1.795000000000000000e+03 3.139144745208594322e+09
1.797000000000000000e+03 3.144388343325020790e+09
1.799000000000000000e+03 3.149635827108506203e+09
1.801000000000000000e+03 3.154887211923918247e+09
1.803000000000000000e+03 3.160142513296866417e+09
1.805000000000000000e+03 3.165401746914680481e+09
1.807000000000000000e+03 3.170664928627352238e+09
1.809000000000000000e+03 3.175932074448511600e+09
1.811000000000000000e+03 3.181203200556409359e+09
1.813000000000000000e+03 3.186478323294867516e+09
1.815000000000000000e+03 3.191757459174280643e+09
1.817000000000000000e+03 3.197040624872576714e+09
1.819000000000000000e+03 3.202327837236202240e+09
1.821000000000000000e+03 3.207619113281118870e+09
1.823000000000000000e+03 3.212914470193781376e+09
1.825000000000000000e+03 3.218213925332122803e+09
1.827000000000000000e+03 3.223517496226567268e+09
1.829000000000000000e+03 3.228825200581015110e+09
1.831000000000000000e+03 3.234137056273837090e+09
1.833000000000000000e+03 3.239453081358896732e+09
1.835000000000000000e+03 3.244773294066539288e+09
1.837000000000000000e+03 3.250097712804605007e+09
1.839000000000000000e+03 3.255426356159447193e+09
1.841000000000000000e+03 3.260759242896944046e+09
1.843000000000000000e+03 3.266096391963510513e+09
1.845000000000000000e+03 3.271437822487128258e+09
1.847000000000000000e+03 3.276783553778366089e+09
1.849000000000000000e+03 3.282133605331404686e+09
1.851000000000000000e+03 3.287487996825077057e+09
1.853000000000000000e+03 3.292846748123877048e+09
1.855000000000000000e+03 3.298209879279028893e+09
1.857000000000000000e+03 3.303577410529504776e+09
1.859000000000000000e+03 3.308949362303061008e+09
1.861000000000000000e+03 3.314325755217305183e+09
1.863000000000000000e+03 3.319706610080729008e+09
1.865000000000000000e+03 3.325091947893754005e+09
1.867000000000000000e+03 3.330481789849804401e+09
1.869000000000000000e+03 3.335876157336347580e+09
1.871000000000000000e+03 3.341275071935957432e+09
1.873000000000000000e+03 3.346678555427389145e+09
1.875000000000000000e+03 3.352086629786621094e+09
1.877000000000000000e+03 3.357499317187943459e+09
1.879000000000000000e+03 3.362916640005029678e+09
1.881000000000000000e+03 3.368338620811998844e+09
1.883000000000000000e+03 3.373765282384493828e+09
1.885000000000000000e+03 3.379196647700788975e+09
1.887000000000000000e+03 3.384632739942828655e+09
1.889000000000000000e+03 3.390073582497354984e+09
1.891000000000000000e+03 3.395519198956975937e+09
1.893000000000000000e+03 3.400969613121264935e+09
1.895000000000000000e+03 3.406424848997844219e+09
1.897000000000000000e+03 3.411884930803507805e+09
1.899000000000000000e+03 3.417349882965303898e+09
1.901000000000000000e+03 3.422819730121635914e+09
1.903000000000000000e+03 3.428294497123389244e+09
1.905000000000000000e+03 3.433774209035029411e+09
1.907000000000000000e+03 3.439258891135713100e+09
1.909000000000000000e+03 3.444748568920406342e+09
1.911000000000000000e+03 3.450243268101015091e+09
1.913000000000000000e+03 3.455743014607498646e+09
1.915000000000000000e+03 3.461247834588986397e+09
1.917000000000000000e+03 3.466757754414915085e+09
1.919000000000000000e+03 3.472272800676178932e+09
1.921000000000000000e+03 3.477793000186218739e+09
1.923000000000000000e+03 3.483318379982203007e+09
1.925000000000000000e+03 3.488848967326152325e+09
1.927000000000000000e+03 3.494384789706070900e+09
1.929000000000000000e+03 3.499925874837110043e+09
1.931000000000000000e+03 3.505472250662712097e+09
1.933000000000000000e+03 3.511023945355751991e+09
1.935000000000000000e+03 3.516580987319715500e+09
1.937000000000000000e+03 3.522143405189841747e+09
1.939000000000000000e+03 3.527711227834271431e+09
1.941000000000000000e+03 3.533284484355242252e+09
1.943000000000000000e+03 3.538863204090236664e+09
1.945000000000000000e+03 3.544447416613154888e+09
1.947000000000000000e+03 3.550037151735484600e+09
1.949000000000000000e+03 3.555632439507480621e+09
1.951000000000000000e+03 3.561233310219350815e+09
1.953000000000000000e+03 3.566839794402429104e+09
1.955000000000000000e+03 3.572451922830368519e+09
1.957000000000000000e+03 3.578069726520302773e+09
1.959000000000000000e+03 3.583693236734081268e+09
1.961000000000000000e+03 3.589322484979434490e+09
1.963000000000000000e+03 3.594957503011169910e+09
1.965000000000000000e+03 3.600598322832391739e+09
1.967000000000000000e+03 3.606244976695674896e+09
1.969000000000000000e+03 3.611897497104294300e+09
1.971000000000000000e+03 3.617555916813428402e+09
1.973000000000000000e+03 3.623220268831369877e+09
1.975000000000000000e+03 3.628890586420734406e+09
1.977000000000000000e+03 3.634566903099682808e+09
1.979000000000000000e+03 3.640249252643160820e+09
1.981000000000000000e+03 3.645937669084073544e+09
1.983000000000000000e+03 3.651632186714569569e+09
1.985000000000000000e+03 3.657332840087232590e+09
1.987000000000000000e+03 3.663039664016337395e+09
1.989000000000000000e+03 3.668752693579058647e+09
1.991000000000000000e+03 3.674471964116741657e+09
1.993000000000000000e+03 3.680197511236114025e+09
1.995000000000000000e+03 3.685929370810563087e+09
1.997000000000000000e+03 3.691667578981332779e+09
1.999000000000000000e+03 3.697412172158846378e+09
