# t[Gyr], SFR_thin.d peak(s) fraction
1.250000000000000069e-02 1.806833655733150895e-42 0.000000000000000000e+00
3.750000000000000555e-02 5.276174683885471508e-43 0.000000000000000000e+00
6.250000000000001388e-02 3.940737216666658458e-43 0.000000000000000000e+00
8.750000000000000833e-02 3.885173266903583686e-43 0.000000000000000000e+00
1.125000000000000167e-01 4.383677881952237642e-43 0.000000000000000000e+00
1.375000000000000389e-01 5.356480406270346527e-43 0.000000000000000000e+00
1.625000000000000333e-01 6.897656257883083204e-43 0.000000000000000000e+00
1.875000000000000555e-01 9.217010229109149438e-43 0.000000000000000000e+00
2.125000000000000500e-01 1.265800346806357019e-42 0.000000000000000000e+00
2.375000000000000444e-01 1.775200861503397312e-42 0.000000000000000000e+00
2.625000000000000666e-01 2.531014833218946268e-42 0.000000000000000000e+00
2.875000000000000888e-01 3.656756095017488634e-42 0.000000000000000000e+00
3.125000000000000555e-01 5.340652255769337552e-42 0.000000000000000000e+00
3.375000000000000777e-01 7.870041666610899095e-42 0.000000000000000000e+00
3.625000000000000999e-01 1.168439137654852086e-41 0.000000000000000000e+00
3.875000000000000666e-01 1.745706618658490554e-41 0.000000000000000000e+00
4.125000000000000888e-01 2.622153545040273856e-41 0.000000000000000000e+00
4.375000000000001110e-01 3.956630747319282280e-41 0.000000000000000000e+00
4.625000000000000777e-01 5.993620705092958409e-41 0.000000000000000000e+00
4.875000000000000999e-01 9.109825386416012797e-41 0.000000000000000000e+00
5.125000000000000666e-01 1.388623735233741849e-40 0.000000000000000000e+00
5.375000000000000888e-01 2.121966931734630840e-40 0.000000000000000000e+00
5.625000000000001110e-01 3.249538527573567714e-40 0.000000000000000000e+00
5.875000000000000222e-01 4.985434658550318799e-40 0.000000000000000000e+00
6.125000000000000444e-01 7.660695640880538222e-40 0.000000000000000000e+00
6.375000000000000666e-01 1.178736044189760639e-39 0.000000000000000000e+00
6.625000000000000888e-01 1.815762594659963839e-39 0.000000000000000000e+00
6.875000000000001110e-01 2.799732842606686493e-39 0.000000000000000000e+00
7.125000000000001332e-01 4.320345876855042359e-39 0.000000000000000000e+00
7.375000000000000444e-01 6.671162724819596228e-39 0.000000000000000000e+00
7.625000000000000666e-01 1.030644007709505919e-38 0.000000000000000000e+00
7.875000000000000888e-01 1.592900048858535141e-38 0.000000000000000000e+00
8.125000000000001110e-01 2.462603322890195178e-38 0.000000000000000000e+00
8.375000000000001332e-01 3.807887726266119146e-38 0.000000000000000000e+00
8.625000000000001554e-01 5.888693365467058537e-38 0.000000000000000000e+00
8.875000000000001776e-01 9.106753688735083852e-38 0.000000000000000000e+00
9.125000000000000888e-01 1.408269415502837055e-37 0.000000000000000000e+00
9.375000000000001110e-01 2.177487676334576375e-37 0.000000000000000000e+00
9.625000000000001332e-01 3.366248035763809904e-37 0.000000000000000000e+00
9.875000000000001554e-01 5.202735282073549582e-37 0.000000000000000000e+00
1.012500000000000178e+00 8.038762831106844950e-37 0.000000000000000000e+00
1.037500000000000089e+00 1.241643584302774398e-36 0.000000000000000000e+00
1.062500000000000222e+00 1.917056252917194164e-36 0.000000000000000000e+00
1.087500000000000133e+00 2.958586526904413778e-36 0.000000000000000000e+00
1.112500000000000266e+00 4.563812770036806739e-36 0.000000000000000000e+00
1.137500000000000178e+00 7.036379739126128352e-36 0.000000000000000000e+00
1.162500000000000089e+00 1.084260085167559344e-35 0.000000000000000000e+00
1.187500000000000222e+00 1.669806857602827297e-35 0.000000000000000000e+00
1.212500000000000133e+00 2.570006900595738863e-35 0.000000000000000000e+00
1.237500000000000266e+00 3.952984828263991860e-35 0.000000000000000000e+00
1.262500000000000178e+00 6.076130570619154976e-35 0.000000000000000000e+00
1.287500000000000311e+00 9.333168756093359817e-35 0.000000000000000000e+00
1.312500000000000222e+00 1.432586414547019021e-34 0.000000000000000000e+00
1.337500000000000133e+00 2.197315599648183959e-34 0.000000000000000000e+00
1.362500000000000266e+00 3.367710186400654111e-34 0.000000000000000000e+00
1.387500000000000178e+00 5.157496144499852671e-34 0.000000000000000000e+00
1.412500000000000311e+00 7.892176414080903827e-34 0.000000000000000000e+00
1.437500000000000222e+00 1.206703322001482883e-33 0.000000000000000000e+00
1.462500000000000133e+00 1.843498007572638203e-33 0.000000000000000000e+00
1.487500000000000266e+00 2.813949163481837421e-33 0.000000000000000000e+00
1.512500000000000178e+00 4.291553767247974239e-33 0.000000000000000000e+00
1.537500000000000311e+00 6.539300013957438039e-33 0.000000000000000000e+00
1.562500000000000222e+00 9.955437029753454074e-33 0.000000000000000000e+00
1.587500000000000355e+00 1.514244547976140830e-32 0.000000000000000000e+00
1.612500000000000266e+00 2.301086061466722467e-32 0.000000000000000000e+00
1.637500000000000178e+00 3.493539411968206515e-32 0.000000000000000000e+00
1.662500000000000311e+00 5.298944893523169466e-32 0.000000000000000000e+00
1.687500000000000222e+00 8.029701192120354801e-32 0.000000000000000000e+00
1.712500000000000355e+00 1.215601025129565471e-31 0.000000000000000000e+00
1.737500000000000266e+00 1.838484999090669557e-31 0.000000000000000000e+00
1.762500000000000400e+00 2.777808735896979979e-31 0.000000000000000000e+00
1.787500000000000311e+00 4.192893565250384624e-31 0.000000000000000000e+00
1.812500000000000222e+00 6.322528409886127947e-31 0.000000000000000000e+00
1.837500000000000355e+00 9.524222986780768375e-31 0.000000000000000000e+00
1.862500000000000266e+00 1.433265495942208755e-30 0.000000000000000000e+00
1.887500000000000400e+00 2.154659838911266984e-30 0.000000000000000000e+00
1.912500000000000311e+00 3.235806599786259355e-30 0.000000000000000000e+00
1.937500000000000222e+00 4.854394659788161790e-30 0.000000000000000000e+00
1.962500000000000355e+00 7.275005554400310737e-30 0.000000000000000000e+00
1.987500000000000266e+00 1.089116789059576101e-29 0.000000000000000000e+00
2.012500000000000622e+00 1.628754821067215319e-29 0.000000000000000000e+00
2.037500000000000533e+00 2.433181350348545096e-29 0.000000000000000000e+00
2.062500000000000444e+00 3.631016411757012451e-29 0.000000000000000000e+00
2.087500000000000799e+00 5.412706408667192455e-29 0.000000000000000000e+00
2.112500000000000711e+00 8.059923218947277137e-29 0.000000000000000000e+00
2.137500000000000622e+00 1.198878703205229421e-28 0.000000000000000000e+00
2.162500000000000533e+00 1.781333797986265753e-28 0.000000000000000000e+00
2.187500000000000444e+00 2.643863224882445248e-28 0.000000000000000000e+00
2.212500000000000799e+00 3.919712727824448448e-28 0.000000000000000000e+00
2.237500000000000711e+00 5.804824709121102155e-28 0.000000000000000000e+00
2.262500000000000622e+00 8.587004675597369094e-28 0.000000000000000000e+00
2.287500000000000533e+00 1.268849685408179560e-27 0.000000000000000000e+00
2.312500000000000444e+00 1.872805906447311440e-27 0.000000000000000000e+00
2.337500000000000799e+00 2.761135820732703277e-27 0.000000000000000000e+00
2.362500000000000711e+00 4.066244800334921813e-27 0.000000000000000000e+00
2.387500000000000622e+00 5.981476789345177738e-27 0.000000000000000000e+00
2.412500000000000533e+00 8.788827160446812838e-27 0.000000000000000000e+00
2.437500000000000444e+00 1.289910349824721499e-26 0.000000000000000000e+00
2.462500000000000799e+00 1.891005451255314556e-26 0.000000000000000000e+00
2.487500000000000711e+00 2.769040308427893600e-26 0.000000000000000000e+00
2.512500000000000622e+00 4.050117806373778208e-26 0.000000000000000000e+00
2.537500000000000533e+00 5.917068466600029217e-26 0.000000000000000000e+00
2.562500000000000888e+00 8.634651502607860490e-26 0.000000000000000000e+00
2.587500000000000799e+00 1.258580715147779701e-25 0.000000000000000000e+00
2.612500000000000711e+00 1.832374196201184104e-25 0.000000000000000000e+00
2.637500000000000622e+00 2.664666912238281209e-25 0.000000000000000000e+00
2.662500000000000533e+00 3.870492452995856524e-25 0.000000000000000000e+00
2.687500000000000888e+00 5.615429176432373982e-25 0.000000000000000000e+00
2.712500000000000799e+00 8.137519613133846256e-25 0.000000000000000000e+00
2.737500000000000711e+00 1.177856735443041560e-24 0.000000000000000000e+00
2.762500000000000622e+00 1.702876728094144974e-24 0.000000000000000000e+00
2.787500000000000533e+00 2.459026962105101746e-24 0.000000000000000000e+00
2.812500000000000888e+00 3.546759645410955917e-24 0.000000000000000000e+00
2.837500000000000799e+00 5.109609239409235412e-24 0.000000000000000000e+00
2.862500000000000711e+00 7.352417848447392375e-24 0.000000000000000000e+00
2.887500000000000622e+00 1.056716186391220370e-23 6.422853395936205074e-323
2.912500000000000533e+00 1.516950378285078250e-23 3.048385034840491178e-321
2.937500000000000888e+00 2.175045750865506525e-23 1.402948807930803687e-319
2.962500000000000799e+00 3.114932352309489307e-23 6.394632366245753072e-318
2.987500000000000711e+00 4.455651946382216417e-23 2.885898553279111627e-316
3.012500000000000622e+00 6.365837523504170570e-23 1.289553060477576065e-314
3.037500000000000977e+00 9.084075797951414246e-23 5.705441769942438149e-313
3.062500000000000888e+00 1.294750634080586417e-22 2.499369834471245291e-311
3.087500000000000799e+00 1.843193766712894563e-22 1.084082291772399394e-309
3.112500000000000711e+00 2.620804607312633273e-22 4.655686932802908917e-308
3.137500000000000622e+00 3.722000384075037157e-22 1.979677327062066372e-306
3.162500000000000977e+00 5.279534714900947561e-22 8.334768043739713804e-305
3.187500000000000888e+00 7.479829793403630217e-22 3.474405134703725935e-303
3.212500000000000799e+00 1.058434504570934768e-21 1.434018020569430133e-301
3.237500000000000711e+00 1.495932045719966530e-21 5.860239487936993156e-300
3.262500000000000622e+00 2.111712321813419962e-21 2.371166956514848744e-298
3.287500000000000977e+00 2.977364994503416215e-21 9.499359894468293764e-297
3.312500000000000888e+00 4.192791586575231837e-21 3.768004604329463889e-295
3.337500000000000799e+00 5.897226345563740128e-21 1.479833432415935951e-293
3.362500000000000711e+00 8.284477216507472320e-21 5.754373347762424242e-292
3.387500000000000622e+00 1.162397547441351861e-20 2.215473222905297325e-290
3.412500000000000977e+00 1.628980996069217275e-20 8.445351558976157672e-289
3.437500000000000888e+00 2.280072244745536452e-20 3.187507534324686611e-287
3.462500000000000799e+00 3.187513029485851017e-20 1.191150068024873521e-285
3.487500000000000711e+00 4.450672360167362123e-20 4.407202818314760189e-284
3.512500000000001066e+00 6.206819429399963630e-20 1.614508839437890077e-282
3.537500000000000977e+00 8.645337938920887853e-20 5.855961275626189357e-281
3.562500000000000888e+00 1.202717889000682353e-19 2.102983671757333044e-279
3.587500000000000799e+00 1.671144742556698714e-19 7.477442934846071707e-278
3.612500000000000711e+00 2.319169226076692421e-19 2.632384909111641575e-276
3.637500000000001066e+00 3.214537335018683098e-19 9.175385960148450167e-275
3.662500000000000977e+00 4.450120449317074204e-19 3.166485841771218897e-273
3.687500000000000888e+00 6.153070893967711136e-19 1.081953566031549237e-271
3.712500000000000799e+00 8.497252932692392366e-19 3.660304122218836304e-270
3.737500000000000711e+00 1.172009866866829235e-18 1.226034854212774904e-268
3.762500000000001066e+00 1.614543366750631691e-18 4.065979543197986987e-267
3.787500000000000977e+00 2.221434557692315870e-18 1.335069659513664797e-265
3.812500000000000888e+00 3.052687442651527690e-18 4.340289249924373164e-264
3.837500000000000799e+00 4.189824357591057090e-18 1.397040777492638412e-262
3.862500000000000711e+00 5.743460188054004136e-18 4.452201537106352490e-261
3.887500000000001066e+00 7.863491128398938643e-18 1.404803363397095278e-259
3.912500000000000977e+00 1.075278222466995222e-17 4.388649796151299801e-258
3.937500000000000888e+00 1.468553062857329497e-17 1.357440058495640150e-256
3.962500000000000799e+00 2.003186888198237202e-17 4.157042172195256645e-255
3.987500000000001155e+00 2.729078456462773347e-17 1.260439278469835143e-253
4.012500000000001066e+00 3.713410839907651306e-17 3.783840804386929383e-252
4.037500000000000533e+00 5.046521351419980185e-17 1.124648791207773242e-250
4.062500000000000888e+00 6.849724065114703640e-17 3.309587251333200099e-249
4.087500000000001243e+00 9.285720440801848036e-17 9.642803515652133266e-248
4.112500000000000711e+00 1.257243569453409808e-16 2.781666709655669154e-246
4.137500000000001066e+00 1.700138343183379952e-16 7.944725407806025711e-245
4.162500000000001421e+00 2.296200765210784008e-16 2.246593241387198249e-243
4.187500000000000888e+00 3.097390409965251912e-16 6.289867599407230006e-242
4.212500000000001243e+00 4.172941381108175795e-16 1.743531524915292242e-240
4.237500000000000711e+00 5.614985153239766186e-16 4.785078872085800183e-239
4.262500000000001066e+00 7.545963319305983690e-16 1.300226905019550246e-237
4.287500000000001421e+00 1.012838676679970557e-15 3.497999220636039692e-236
4.312500000000000888e+00 1.357766657545026586e-15 9.317310005937496061e-235
4.337500000000001243e+00 1.817896053547999876e-15 2.457148644927810792e-233
4.362500000000000711e+00 2.430926193150675880e-15 6.415671745934889419e-232
4.387500000000001066e+00 3.246632240608263087e-15 1.658526598231173417e-230
4.412500000000001421e+00 4.330647164368247047e-15 4.244945597895038042e-229
4.437500000000000888e+00 5.769400303675808004e-15 1.075699548559484211e-227
4.462500000000001243e+00 7.676557424359106439e-15 2.698850353945624901e-226
4.487500000000000711e+00 1.020140726830363424e-14 6.704021183662661621e-225
4.512500000000001066e+00 1.353976794881571694e-14 1.648771628411005712e-223
4.537500000000001421e+00 1.794815084447943327e-14 4.014708246208271578e-222
4.562500000000000888e+00 2.376212965561993452e-14 9.678668993521867780e-221
4.587500000000001243e+00 3.142013032766302833e-14 2.310177009720311339e-219
4.612500000000000711e+00 4.149419913755207607e-14 5.459371695308323515e-218
4.637500000000001066e+00 5.472974091417523408e-14 1.277343413213372184e-216
4.662500000000001421e+00 7.209677165610693432e-14 2.958966885376645401e-215
4.687500000000000888e+00 9.485593048994969415e-14 6.786405145582328180e-214
4.712500000000001243e+00 1.246433835074121617e-13 1.541013824024679453e-212
4.737500000000000711e+00 1.635798746904631474e-13 3.464496993643301737e-211
4.762500000000001066e+00 2.144105969876070881e-13 7.711530462435033414e-210
4.787500000000001421e+00 2.806843445300606555e-13 1.699446665883984483e-208
4.812500000000000888e+00 3.669826581298586531e-13 3.708010120292085983e-207
4.837500000000001243e+00 4.792125062657251837e-13 8.010147877864693302e-206
4.862500000000000711e+00 6.249795961570381246e-13 1.713192849383024844e-204
4.887500000000001066e+00 8.140638617606569161e-13 3.627754719037176315e-203
4.912500000000001421e+00 1.059024246930117364e-12 7.605633112881494035e-202
4.937500000000000888e+00 1.375966863100598201e-12 1.578695872626193707e-200
4.962500000000001243e+00 1.785519284863026807e-12 3.244345343182040043e-199
4.987500000000000711e+00 2.314064563223509341e-12 6.601171829852706393e-198
5.012500000000001066e+00 2.995301987819285563e-12 1.329781288629152031e-196
5.037500000000001421e+00 3.872218331619066623e-12 2.652189057535623125e-195
5.062500000000000888e+00 4.999574017701363153e-12 5.237134000669028886e-194
5.087500000000001243e+00 6.447034276892841969e-12 1.023876810119883916e-192
5.112500000000001599e+00 8.303107037711109230e-12 1.981830053708057921e-191
5.137500000000001066e+00 1.068008836914260550e-11 3.797953715259440788e-190
5.162500000000001421e+00 1.372026443740796331e-11 7.206051371819540634e-189
5.187500000000000888e+00 1.760367814635963115e-11 1.353659215761119773e-187
5.212500000000001243e+00 2.255784133522101311e-11 2.517592969847307774e-186
5.237500000000001599e+00 2.886986253922283767e-11 4.635811330910587556e-185
5.262500000000001066e+00 3.690156941350323025e-11 8.451424827009009735e-184
5.287500000000001421e+00 4.710833823260712669e-11 1.525449876282444039e-182
5.312500000000000888e+00 6.006250551713120708e-11 2.726023943800655566e-181
5.337500000000001243e+00 7.648243493218696491e-11 4.823085858054328439e-180
5.362500000000001599e+00 9.726855348097587905e-11 8.448581788717077741e-179
5.387500000000001066e+00 1.235479634380071491e-10 1.465230724037682187e-177
5.412500000000001421e+00 1.567295908697354560e-10 2.515889127738498961e-176
5.437500000000000888e+00 1.985722603969012959e-10 4.277008888755193878e-175
5.462500000000001243e+00 2.512686038130965217e-10 7.198663565741320703e-174
5.487500000000001599e+00 3.175483347696661106e-10 1.199572688641243917e-172
5.512500000000001066e+00 4.008051736463805493e-10 1.979083555094900167e-171
5.537500000000001421e+00 5.052526103596219745e-10 3.232692986534812140e-170
5.562500000000000888e+00 6.361147769713503402e-10 5.227902331394360494e-169
5.587500000000001243e+00 7.998600003603303869e-10 8.370531754202651850e-168
5.612500000000001599e+00 1.004486157564553390e-09 1.326908927303276556e-166
5.637500000000001066e+00 1.259868809137669160e-09 2.082531487151411122e-165
5.662500000000001421e+00 1.578185293231429674e-09 3.235968901147190053e-164
5.687500000000000888e+00 1.974430588364010163e-09 4.978279947491233015e-163
5.712500000000001243e+00 2.467043869525864897e-09 7.582569785575719650e-162
5.737500000000001599e+00 3.078668375792091175e-09 1.143445727030267639e-160
5.762500000000001066e+00 3.837071576833143857e-09 1.707169525795332453e-159
5.787500000000001421e+00 4.776257784884974501e-09 2.523478527507537850e-158
5.812500000000000888e+00 5.937811439547266262e-09 3.693043008439639283e-157
5.837500000000001243e+00 7.372516446674794114e-09 5.350949149101717100e-156
5.862500000000001599e+00 9.142305353352050798e-09 7.676069692177522413e-155
5.887500000000001066e+00 1.132260198735104398e-08 1.090205936614530198e-153
5.912500000000001421e+00 1.400513270855752882e-08 1.532991147380248633e-152
5.937500000000000888e+00 1.730129487010029969e-08 2.134185406240964066e-151
5.962500000000001243e+00 2.134618676189794475e-08 2.941615899706621978e-150
5.987500000000001599e+00 2.630342154155562602e-08 4.014218686763698472e-149
6.012500000000001066e+00 3.237086882263590700e-08 5.423470286551527538e-148
6.037500000000001421e+00 3.978749211136661691e-08 7.254618900878489972e-147
6.062500000000001776e+00 4.884147863508174631e-08 9.607557036249471592e-146
6.087500000000001243e+00 5.987989082128296254e-08 1.259714999415606017e-144
6.112500000000001599e+00 7.332010635927058444e-08 1.635281493711298364e-143
6.137500000000001066e+00 8.966335706801726008e-08 2.101713761771102335e-142
6.162500000000001421e+00 1.095107264377375404e-07 2.674332314389654162e-141
6.187500000000001776e+00 1.335820225190760689e-07 3.369130772708053450e-140
6.212500000000001243e+00 1.627380076960329231e-07 4.202241355469607390e-139
6.237500000000001599e+00 1.980065407764643359e-07 5.189251030406808495e-138
6.262500000000001066e+00 2.406132708383420041e-07 6.344375345008413165e-137
6.287500000000001421e+00 2.920176175469359785e-07 7.679509744432426294e-136
6.312500000000001776e+00 3.539548804711240499e-07 9.203192371472804797e-135
6.337500000000001243e+00 4.284854416395959285e-07 1.091952685789955931e-133
6.362500000000001599e+00 5.180521626526980369e-07 1.282712710645160079e-132
6.387500000000001066e+00 6.255472316655569859e-07 1.491815698980852469e-131
6.412500000000001421e+00 7.543898881411227678e-07 1.717754467465488150e-130
6.437500000000001776e+00 9.086166461867201569e-07 1.958245246780442875e-129
6.462500000000001243e+00 1.092985852366896857e-06 2.210207756089234387e-128
6.487500000000001599e+00 1.313098653031916899e-06 2.469784622465897007e-127
6.512500000000001066e+00 1.575538711376200281e-06 2.732404395586517039e-126
6.537500000000001421e+00 1.888033307643671962e-06 2.992889766537433100e-125
6.562500000000001776e+00 2.259638779140568182e-06 3.245609485742756983e-124
6.587500000000001243e+00 2.700953612002749392e-06 3.484669123322708729e-123
6.612500000000001599e+00 3.224362885945112095e-06 3.704132512158831464e-122
6.637500000000001066e+00 3.844318198360405667e-06 3.898262771322826030e-121
6.662500000000001421e+00 4.577657656862486161e-06 4.061769529488387494e-120
6.687500000000001776e+00 5.443971031218773725e-06 4.190047616128174609e-119
6.712500000000001243e+00 6.466015697875838938e-06 4.279392249286018949e-118
6.737500000000001599e+00 7.670189593900865810e-06 4.327176707979775250e-117
6.762500000000001066e+00 9.087068022692772193e-06 4.331980604083796723e-116
6.787500000000001421e+00 1.075201182130990154e-05 4.293660013790458759e-115
6.812500000000001776e+00 1.270585510816168586e-05 4.213354637024897691e-114
6.837500000000001243e+00 1.499568157886802596e-05 4.093431488059721206e-113
6.862500000000001599e+00 1.767569910519887111e-05 3.937368999570467133e-112
6.887500000000001954e+00 2.080822321411536824e-05 3.749589458361445119e-111
6.912500000000001421e+00 2.446478087687164310e-05 3.535251033731488373e-110
6.937500000000001776e+00 2.872734691646787786e-05 3.300013032583498682e-109
6.962500000000001243e+00 3.368972623861051088e-05 3.049789244325542603e-108
6.987500000000001599e+00 3.945909599827712017e-05 2.790504265558073161e-107
7.012500000000001954e+00 4.615772272073511752e-05 2.527866579658809913e-106
7.037500000000001421e+00 5.392487029022974813e-05 2.267170075453679021e-105
7.062500000000001776e+00 6.291891558710661588e-05 2.013132869607595374e-104
7.087500000000001243e+00 7.331968937812863188e-05 1.769779046947458134e-103
7.112500000000001599e+00 8.533106082582887081e-05 1.540365564749721775e-102
7.137500000000001954e+00 9.918378465877568720e-05 1.327353376011951809e-101
7.162500000000001421e+00 1.151386306105389880e-04 1.132419061166060384e-100
7.187500000000001776e+00 1.334898151626560806e-04 9.565010988191058301e-100
7.212500000000001243e+00 1.545687558843650028e-04 7.998734575201190334e-99
7.237500000000001599e+00 1.787481687142714255e-04 6.622384773301401703e-98
7.262500000000001954e+00 2.064465283375565337e-04 5.428309865952670219e-97
7.287500000000001421e+00 2.381329113344797261e-04 4.405261642225541413e-96
7.312500000000001776e+00 2.743322409653696893e-04 3.539446717911628767e-95
7.337500000000001243e+00 3.156309512640014469e-04 2.815498860434536259e-94
7.362500000000001599e+00 3.626830864814598889e-04 2.217335043522934713e-93
7.387500000000001954e+00 4.162168497987273324e-04 1.728872331676448157e-92
7.412500000000001421e+00 4.770416125477926423e-04 1.334595884096451541e-91
7.437500000000001776e+00 5.460553918841365125e-04 1.019979561425952635e-90
7.462500000000001243e+00 6.242528008719399994e-04 7.717693449741163929e-90
7.487500000000001599e+00 7.127334702095017684e-04 5.781458808618949324e-89
7.512500000000001954e+00 8.127109352670428650e-04 4.287860470298684311e-88
7.537500000000001421e+00 9.255219756642459050e-04 3.148448096596961080e-87
7.562500000000001776e+00 1.052636387213415434e-03 2.288782085134812969e-86
7.587500000000001243e+00 1.195667157632759577e-03 1.647265616346321360e-85
7.612500000000001599e+00 1.356381007935450510e-03 1.173743774146724264e-84
7.637500000000001954e+00 1.536709250773422679e-03 8.280042725756775112e-84
7.662500000000001421e+00 1.738758905222256282e-03 5.782831156529438940e-83
7.687500000000001776e+00 1.964823994509933697e-03 3.998490542308379341e-82
7.712500000000001243e+00 2.217396939012002220e-03 2.737147119013104694e-81
7.737500000000001599e+00 2.499179941475976417e-03 1.855006788663448206e-80
7.762500000000001954e+00 2.813096244942467957e-03 1.244620212226630588e-79
7.787500000000001421e+00 3.162301126279220762e-03 8.267434544504460558e-79
7.812500000000001776e+00 3.550192469753638523e-03 5.436829668332958228e-78
7.837500000000002132e+00 3.980420745803993354e-03 3.539648181906133095e-77
7.862500000000001599e+00 4.456898200346525764e-03 2.281456129925302884e-76
7.887500000000001954e+00 4.983807039850515069e-03 1.455793981817049739e-75
7.912500000000001421e+00 5.565606377368973595e-03 9.196476883643332591e-75
7.937500000000001776e+00 6.207037685146028771e-03 5.751414592707763077e-74
7.962500000000002132e+00 6.913128480822062008e-03 3.560879034980028486e-73
7.987500000000001599e+00 7.689193957204587711e-03 2.182562605687820704e-72
8.012500000000001066e+00 8.540836250719746614e-03 1.324343345020902638e-71
8.037500000000001421e+00 9.473941031750270428e-03 7.955293032951394977e-71
8.062500000000000000e+00 1.049467109192050995e-02 4.730757045206742111e-70
8.087500000000000355e+00 1.160945659989762527e-02 2.784973170268909929e-69
8.112500000000000711e+00 1.282498169938484610e-02 1.623021191034247608e-68
8.137500000000001066e+00 1.414816713168099219e-02 9.363472357968703235e-68
8.162500000000001421e+00 1.558614858145730524e-02 5.347562641266326909e-67
8.187500000000000000e+00 1.714625046924433960e-02 3.023274295679357352e-66
8.212500000000000355e+00 1.883595494844228849e-02 1.691992185480520621e-65
8.237500000000000711e+00 2.066286590927387742e-02 9.373776432033540236e-65
8.262500000000001066e+00 2.263466784764900028e-02 5.140702672284786604e-64
8.287500000000001421e+00 2.475907952381974433e-02 2.790732327618545979e-63
8.312500000000001776e+00 2.704380241412800839e-02 1.499677146777458822e-62
8.337500000000000355e+00 2.949646404887839787e-02 7.977325429601399448e-62
8.362500000000000711e+00 3.212455642978959830e-02 4.200421056018099266e-61
8.387500000000001066e+00 3.493536983050359729e-02 2.189275261299815709e-60
8.412500000000001421e+00 3.793592240167559249e-02 1.129473412769066471e-59
8.437500000000001776e+00 4.113288612606307709e-02 5.767875652847919101e-59
8.462500000000000355e+00 4.453250979610489518e-02 2.915521322215124537e-58
8.487500000000000711e+00 4.814053981346837208e-02 1.458724750758536231e-57
8.512500000000001066e+00 5.196213973321658214e-02 7.224100363269015502e-57
8.537500000000001421e+00 5.600180959046904827e-02 3.541148632584187375e-56
8.562500000000001776e+00 6.026330615022042897e-02 1.718111727284985994e-55
8.587500000000000355e+00 6.474956530678205313e-02 8.250925396704074579e-55
8.612500000000000711e+00 6.946262792352954352e-02 3.921889653073392747e-54
8.637500000000001066e+00 7.440357044197658254e-02 1.845131388180980643e-53
8.662500000000001421e+00 7.957244159781851067e-02 8.592045456955100216e-53
8.687500000000001776e+00 8.496820655733702821e-02 3.960059374644827352e-52
8.712500000000000355e+00 9.058869972827951478e-02 1.806515275341482741e-51
8.737500000000000711e+00 9.643058740392779216e-02 8.156724480853069215e-51
8.762500000000001066e+00 1.024893412678202498e-01 3.645222590909926076e-50
8.787500000000001421e+00 1.087592236211633867e-01 1.612377848267796034e-49
8.812500000000001776e+00 1.152332849984451651e-01 7.059030234640856930e-49
8.837500000000000355e+00 1.219033746137411084e-01 3.058864258479257021e-48
8.862500000000000711e+00 1.287601638364866685e-01 1.311941218584982961e-47
8.887500000000001066e+00 1.357931826380662788e-01 5.569423016974736021e-47
8.912500000000001421e+00 1.429908686872436996e-01 2.340188962917780242e-46
8.937500000000001776e+00 1.503406285115060359e-01 9.732857614329396650e-46
8.962500000000000355e+00 1.578289098913091271e-01 4.006664276126763301e-45
8.987500000000000711e+00 1.654412844231437918e-01 1.632614618100921065e-44
9.012500000000001066e+00 1.731625389828475026e-01 6.584883951274541043e-44
9.037500000000001421e+00 1.809767746492285667e-01 2.628950565318206188e-43
9.062500000000001776e+00 1.888675115150289796e-01 1.038946612244354413e-42
9.087500000000000355e+00 1.968177977212950125e-01 4.064318562278201182e-42
9.112500000000000711e+00 2.048103210043037692e-01 1.573887234140483607e-41
9.137500000000001066e+00 2.128275210416246677e-01 6.033356185879478791e-41
9.162500000000001421e+00 2.208517009242750850e-01 2.289561603684739593e-40
9.187500000000001776e+00 2.288651361622437708e-01 8.601271045692578481e-40
9.212500000000000355e+00 2.368501797466752989e-01 3.198888648324131475e-39
9.237500000000000711e+00 2.447893619382549846e-01 1.177799477670706797e-38
9.262500000000001066e+00 2.526654836217034350e-01 4.293279371138805681e-38
9.287500000000001421e+00 2.604617022541589333e-01 1.549396334629467709e-37
9.312500000000001776e+00 2.681616096338020894e-01 5.536071277643781437e-37
9.337500000000000355e+00 2.757493009178803023e-01 1.958469945169417797e-36
9.362500000000000711e+00 2.832094345200881214e-01 6.859913382350910078e-36
9.387500000000001066e+00 2.905272827106241684e-01 2.379125016840662775e-35
9.412500000000001421e+00 2.976887729234867774e-01 8.170021999029422061e-35
9.437500000000001776e+00 3.046805199408534337e-01 2.778093695003243308e-34
9.462500000000000355e+00 3.114898492709885502e-01 9.354025129944639458e-34
9.487500000000000711e+00 3.181048121620653202e-01 3.118805618505706894e-33
9.512500000000001066e+00 3.245141927986664454e-01 1.029736725264403732e-32
9.537500000000001421e+00 3.307075083103710456e-01 3.366836301691988076e-32
9.562500000000001776e+00 3.366750022832696865e-01 1.090147491049244753e-31
9.587500000000000355e+00 3.424076325066731097e-01 3.495628478196649475e-31
9.612500000000000711e+00 3.478970537102537564e-01 1.110071695155110062e-30
9.637500000000001066e+00 3.531355960533357763e-01 3.491171820491441900e-30
9.662500000000001421e+00 3.581162401201822276e-01 1.087412181405715824e-29
9.687500000000001776e+00 3.628325891551217874e-01 3.354500944386897150e-29
9.712500000000000355e+00 3.672788392415147207e-01 1.024896459779340429e-28
9.737500000000000711e+00 3.714497480909822458e-01 3.101398777578474983e-28
9.762500000000001066e+00 3.753406030660955683e-01 9.295388597154426431e-28
9.787500000000001421e+00 3.789471890126672737e-01 2.759409496799450651e-27
9.812500000000001776e+00 3.822657564285132925e-01 8.113520247691693231e-27
9.837500000000000355e+00 3.852929904455091870e-01 2.362938961549475317e-26
9.862500000000000711e+00 3.880259810520353958e-01 6.816330966096398204e-26
9.887500000000001066e+00 3.904621949344748155e-01 1.947638387631906746e-25
9.912500000000001421e+00 3.925994492699380056e-01 5.512257456361120511e-25
9.937500000000001776e+00 3.944358877583329925e-01 1.545317437141794864e-24
9.962500000000000355e+00 3.959699591405835828e-01 4.291172756953417048e-24
9.987500000000000711e+00 3.972003984112838504e-01 1.180339430289954457e-23
1.001250000000000107e+01 3.981262108983819048e-01 3.215973729212942217e-23
1.003750000000000142e+01 3.987466593494003453e-01 8.679491127957816001e-23
1.006250000000000178e+01 3.990612541329530139e-01 2.320348700994828373e-22
1.008750000000000213e+01 3.990697466355723200e-01 6.144548636250260057e-22
1.011250000000000071e+01 3.987721259066331347e-01 1.611775185809000414e-21
1.013750000000000107e+01 3.981686185780258791e-01 4.187898940922551550e-21
1.016250000000000142e+01 3.972596920596108694e-01 1.077864482899847034e-20
1.018750000000000178e+01 3.960460609859001169e-01 2.747937530879066547e-20
1.021250000000000213e+01 3.945286968632946145e-01 6.939405326703491383e-20
1.023750000000000071e+01 3.927088408400343789e-01 1.735832588133756609e-19
1.026250000000000107e+01 3.905880194923372906e-01 4.300912243453610103e-19
1.028750000000000142e+01 3.881680634895357529e-01 1.055545528958400145e-18
1.031250000000000178e+01 3.854511289680167541e-01 2.565978423361841197e-18
1.033750000000000213e+01 3.824397214081624585e-01 6.178516091792272269e-18
1.036250000000000071e+01 3.791367217700478132e-01 1.473552293139652903e-17
1.038750000000000107e+01 3.755454146024012063e-01 3.480901073529941753e-17
1.041250000000000142e+01 3.716695177953019402e-01 8.144354687547564657e-17
1.043750000000000178e+01 3.675132136006038497e-01 1.887357680672382081e-16
1.046250000000000213e+01 3.630811804955772493e-01 4.331890949653337636e-16
1.048750000000000071e+01 3.583786254154240902e-01 9.847350585510161530e-16
1.051250000000000107e+01 3.534113158300746793e-01 2.217033614891550357e-15
1.053750000000000142e+01 3.481856110911347724e-01 4.943427569886995269e-15
1.056250000000000178e+01 3.427084924274089173e-01 1.091638271104833343e-14
1.058750000000000213e+01 3.369875909237287082e-01 2.387345792006517173e-14
1.061250000000000071e+01 3.310312127796429804e-01 5.170456633522182356e-14
1.063750000000000107e+01 3.248483611139734717e-01 1.108945421861918710e-13
1.066250000000000142e+01 3.184487535604231812e-01 2.355318185837761746e-13
1.068750000000000178e+01 3.118428348906140957e-01 4.953787167774723382e-13
1.071250000000000213e+01 3.050417839064011871e-01 1.031723802747675833e-12
1.073750000000000071e+01 2.980575138651719858e-01 2.127735987915499208e-12
1.076250000000000107e+01 2.909026657421152628e-01 4.345001334617492184e-12
1.078750000000000142e+01 2.835905936937188065e-01 8.785562766928771808e-12
1.081250000000000178e+01 2.761353421682282150e-01 1.758920910897755256e-11
1.083750000000000213e+01 2.685516142120953909e-01 3.486660322512479878e-11
1.086250000000000071e+01 2.608547306464041871e-01 6.843041078787721039e-11
1.088750000000000107e+01 2.530605799329986860e-01 1.329702510329812195e-10
1.091250000000000142e+01 2.451855587147071802e-01 2.558087753452015889e-10
1.093750000000000178e+01 2.372465031948371716e-01 4.872164419606814687e-10
1.096250000000000213e+01 2.292606117143175526e-01 9.186797195442375130e-10
1.098750000000000071e+01 2.212453590857181573e-01 1.714874808051621993e-09
1.101250000000000107e+01 2.132184034464373046e-01 3.168965483676216663e-09
1.103750000000000142e+01 2.051974865923853475e-01 5.797095191973690626e-09
1.106250000000000178e+01 1.972003289418207683e-01 1.049790420040863715e-08
1.108750000000000213e+01 1.892445204498102718e-01 1.881853716954334816e-08
1.111250000000000071e+01 1.813474089401999889e-01 3.339277278257104675e-08
1.113750000000000107e+01 1.735259874377232114e-01 5.865367574370170655e-08
1.116250000000000142e+01 1.657967821622677029e-01 1.019782115225875245e-07
1.118750000000000178e+01 1.581757428858635295e-01 1.755022800567999272e-07
1.121250000000000213e+01 1.506781373475718222e-01 2.989618083223248014e-07
1.123750000000000071e+01 1.433184513706276808e-01 5.040819730300765600e-07
1.126250000000000107e+01 1.361102962304193420e-01 8.412685083396685790e-07
1.128750000000000142e+01 1.290663246835691558e-01 1.389671629498656034e-06
1.131250000000000178e+01 1.221981568919816574e-01 2.272116006862539643e-06
1.133750000000000213e+01 1.155163172677513561e-01 3.676942008774338277e-06
1.136250000000000071e+01 1.090301830334461514e-01 5.889504917074743086e-06
1.138750000000000107e+01 1.027479450472926631e-01 9.336944913760053777e-06
1.141250000000000142e+01 9.667658119492079927e-02 1.465087429666262511e-05
1.143750000000000178e+01 9.082184240976617917e-02 2.275381248196958211e-05
1.146250000000000213e+01 8.518825116395707664e-02 3.497648645526331049e-05
1.148750000000000071e+01 7.977911208025673107e-02 5.321441465558248281e-05
1.151250000000000107e+01 7.459653416120021197e-02 8.013336061268360800e-05
1.153750000000000142e+01 6.964146401870981162e-02 1.194340656299372710e-04
1.156250000000000178e+01 6.491372941711884281e-02 1.761868555206976298e-04
1.158750000000000213e+01 6.041209241118406653e-02 2.572458894048957278e-04
1.161250000000000071e+01 5.613431135986900883e-02 3.717505238690251013e-04
1.163750000000000107e+01 5.207721111333433323e-02 5.317169867266571988e-04
1.166250000000000142e+01 4.823676068736534872e-02 7.527167501705578963e-04
1.168750000000000178e+01 4.460815773614030394e-02 1.054628161113622823e-03
1.171250000000000213e+01 4.118591908939928797e-02 1.462434659469803722e-03
1.173750000000000071e+01 3.796397651339963181e-02 2.007026194445153417e-03
1.176250000000000107e+01 3.493577667028049255e-02 2.725940580099809815e-03
1.178750000000000142e+01 3.209438397858081771e-02 3.663959514902455361e-03
1.181250000000000178e+01 2.943258472054803565e-02 4.873451707593898403e-03
1.183750000000000213e+01 2.694299031626403926e-02 6.414335965750219554e-03
1.186250000000000071e+01 2.461813722574161117e-02 8.353524352889061047e-03
1.188750000000000107e+01 2.245058050479808998e-02 1.076370480239460109e-02
1.191250000000000142e+01 2.043297770768610563e-02 1.372133968039442910e-02
1.193750000000000178e+01 1.855815969691917283e-02 1.730379714965116916e-02
1.196250000000000213e+01 1.681918509502829118e-02 2.158559941013752856e-02
1.198750000000000249e+01 1.520937569091783403e-02 2.663386587378682377e-02
1.201250000000000107e+01 1.372233115526436467e-02 3.250314432656824237e-02
1.203750000000000142e+01 1.235192291681810536e-02 3.922994645322676333e-02
1.206250000000000178e+01 1.109226889971168077e-02 4.682741628344185697e-02
1.208750000000000213e+01 9.937692806940356255e-03 5.528063730015980032e-02
1.211250000000000249e+01 8.882673449725896064e-03 6.454310268017039720e-02
1.213750000000000107e+01 7.921790916895217471e-03 7.453481687748303441e-02
1.216250000000000142e+01 7.049676841923042947e-03 8.514236229472245399e-02
1.218750000000000178e+01 6.260975476752980197e-03 9.622106609303482383e-02
1.221250000000000213e+01 5.550320739068107141e-03 1.075991696720950408e-01
1.223750000000000249e+01 4.912332099585074718e-03 1.190836777722985435e-01
1.226250000000000107e+01 4.341629526321631738e-03 1.304673866825612760e-01
1.228750000000000142e+01 3.832865183138295731e-03 1.415364926176966021e-01
1.231250000000000178e+01 3.380767619239691442e-03 1.520781750016340361e-01
1.233750000000000213e+01 2.980193061816846251e-03 1.618876281429159070e-01
1.236250000000000249e+01 2.626178211260322450e-03 1.707741552013865849e-01
1.238750000000000107e+01 2.313989523696186480e-03 1.785661082178487957e-01
1.241250000000000142e+01 2.039165106001046817e-03 1.851146249116370768e-01
1.243750000000000178e+01 1.797546751968341888e-03 1.902962511675025670e-01
1.246250000000000213e+01 1.585301046843933795e-03 1.940146320217576714e-01
1.248750000000000249e+01 1.398929664218772143e-03 1.962014982944462471e-01
1.251250000000000107e+01 1.235269865788836234e-03 1.968171738739917798e-01
1.253750000000000142e+01 1.091486763036808453e-03 1.958507884023314161e-01
1.256250000000000178e+01 9.650591417114934420e-04 1.933203126162890140e-01
1.258750000000000213e+01 8.537606497815198887e-04 1.892724504487172943e-01
1.261250000000000249e+01 7.556379833109282086e-04 1.837823346580762796e-01
1.263750000000000107e+01 6.689874442816756955e-04 1.769528925905115568e-01
1.266250000000000142e+01 5.923309490001660640e-04 1.689136871138347817e-01
1.268750000000000178e+01 5.243922790238992986e-04 1.598190061446741472e-01
1.271250000000000213e+01 4.640741170678247020e-04 1.498449827778447485e-01
1.273750000000000249e+01 4.104362135644842109e-04 1.391855839460103550e-01
1.276250000000000107e+01 3.626748902330620764e-04 1.280474099405219945e-01
1.278750000000000142e+01 3.201040014222347632e-04 1.166433923563782726e-01
1.281250000000000178e+01 2.821374318589636959e-04 1.051856460379137076e-01
1.283750000000000213e+01 2.482731960689508696e-04 9.387789394127407649e-02
1.286250000000000249e+01 2.180792035826717001e-04 8.290800997135035211e-02
1.288750000000000107e+01 1.911807497014875721e-04 7.244128351043838121e-02
1.291250000000000142e+01 1.672497728462078856e-04 6.261498093615283644e-02
1.293750000000000178e+01 1.459958815540294012e-04 5.353466175409486022e-02
1.296250000000000213e+01 1.271590993748861209e-04 4.527251756330399196e-02
1.298750000000000249e+01 1.105042125122883499e-04 3.786777458037838412e-02
