# z[pc], Phi[m^2/s^2]
1.000000000000000000e+00 2.429483098322072328e+04
3.000000000000000000e+00 8.761401786949657253e+04
5.000000000000000000e+00 1.704878900589783152e+05
7.000000000000000000e+00 2.728152709946957184e+05
9.000000000000000000e+00 3.944954864987978362e+05
1.100000000000000000e+01 5.354283630366832949e+05
1.300000000000000000e+01 6.955142259841664927e+05
1.500000000000000000e+01 8.746538978976776125e+05
1.700000000000000000e+01 1.072748696787500754e+06
1.900000000000000000e+01 1.289700434394044802e+06
2.100000000000000000e+01 1.525411414467150811e+06
2.300000000000000000e+01 1.779784431048435625e+06
2.500000000000000000e+01 2.052722766756667988e+06
2.700000000000000000e+01 2.344130191076184623e+06
2.900000000000000000e+01 2.653910958648337051e+06
3.100000000000000000e+01 2.981969807565976400e+06
3.300000000000000000e+01 3.328211957670973148e+06
3.500000000000000000e+01 3.692543108854773454e+06
3.700000000000000000e+01 4.074869439361985307e+06
3.900000000000000000e+01 4.475097604097010568e+06
4.100000000000000000e+01 4.893134732933701947e+06
4.300000000000000000e+01 5.328888429028058425e+06
4.500000000000000000e+01 5.782266767133957706e+06
4.700000000000000000e+01 6.253178291921932250e+06
4.900000000000000000e+01 6.741532016300956719e+06
5.100000000000000000e+01 7.247237419743298553e+06
5.300000000000000000e+01 7.770204446612386964e+06
5.500000000000000000e+01 8.310343504493718967e+06
5.700000000000000000e+01 8.867565462528808042e+06
5.900000000000000000e+01 9.441781649752154946e+06
6.100000000000000000e+01 1.003290385343128815e+07
6.300000000000000000e+01 1.064084431740977988e+07
6.500000000000000000e+01 1.126551574045334943e+07
6.700000000000000000e+01 1.190683127459898777e+07
6.900000000000000000e+01 1.256470452350710519e+07
7.100000000000000000e+01 1.323904954081673548e+07
7.300000000000000000e+01 1.392978082850373350e+07
7.500000000000000000e+01 1.463681333524208888e+07
7.700000000000000000e+01 1.536006245476817526e+07
7.900000000000000000e+01 1.609944402424810082e+07
8.100000000000000000e+01 1.685487432264808938e+07
8.300000000000000000e+01 1.762627006910787895e+07
8.500000000000000000e+01 1.841354842131713405e+07
8.700000000000000000e+01 1.921662697389497235e+07
8.900000000000000000e+01 2.003542375677241385e+07
9.100000000000000000e+01 2.086985723357799649e+07
9.300000000000000000e+01 2.171984630002628267e+07
9.500000000000000000e+01 2.258531028230953589e+07
9.700000000000000000e+01 2.346616893549235538e+07
9.900000000000000000e+01 2.436234244190932810e+07
1.010000000000000000e+02 2.527375140956581384e+07
1.030000000000000000e+02 2.620031687054164708e+07
1.050000000000000000e+02 2.714196027939797193e+07
1.070000000000000000e+02 2.809860351158703119e+07
1.090000000000000000e+02 2.907016886186506972e+07
1.110000000000000000e+02 3.005657904270821065e+07
1.130000000000000000e+02 3.105775718273140118e+07
1.150000000000000000e+02 3.207362682511036843e+07
1.170000000000000000e+02 3.310411192600664496e+07
1.190000000000000000e+02 3.414913685299557447e+07
1.210000000000000000e+02 3.520862638349747658e+07
1.230000000000000000e+02 3.628250570321161300e+07
1.250000000000000000e+02 3.737070040455346555e+07
1.270000000000000000e+02 3.847313648509486765e+07
1.290000000000000000e+02 3.958974034600722045e+07
1.310000000000000000e+02 4.072043879050774127e+07
1.330000000000000000e+02 4.186515902230878919e+07
1.350000000000000000e+02 4.302382864407014102e+07
1.370000000000000000e+02 4.419637565585437417e+07
1.390000000000000000e+02 4.538272845358526707e+07
1.410000000000000000e+02 4.658281582750920206e+07
1.430000000000000000e+02 4.779656696065968275e+07
1.450000000000000000e+02 4.902391142732478678e+07
1.470000000000000000e+02 5.026477919151771814e+07
1.490000000000000000e+02 5.151910060545039177e+07
1.510000000000000000e+02 5.278680640800999850e+07
1.530000000000000000e+02 5.406782772323872149e+07
1.550000000000000000e+02 5.536209605881635100e+07
1.570000000000000000e+02 5.666954330454599857e+07
1.590000000000000000e+02 5.799010173084291816e+07
1.610000000000000000e+02 5.932370398722615093e+07
1.630000000000000000e+02 6.067028310081355274e+07
1.650000000000000000e+02 6.202977247481941432e+07
1.670000000000000000e+02 6.340210588705550134e+07
1.690000000000000000e+02 6.478721748843499273e+07
1.710000000000000000e+02 6.618504180147933215e+07
1.730000000000000000e+02 6.759551371882830560e+07
1.750000000000000000e+02 6.901856850175303221e+07
1.770000000000000000e+02 7.045414177867214382e+07
1.790000000000000000e+02 7.190216954367065430e+07
1.810000000000000000e+02 7.336258815502235293e+07
1.830000000000000000e+02 7.483533433371481299e+07
1.850000000000000000e+02 7.632034516197766364e+07
1.870000000000000000e+02 7.781755808181382716e+07
1.890000000000000000e+02 7.932691089353375137e+07
1.910000000000000000e+02 8.084834175429287553e+07
1.930000000000000000e+02 8.238178917663174868e+07
1.950000000000000000e+02 8.392719202701957524e+07
1.970000000000000000e+02 8.548448952440065145e+07
1.990000000000000000e+02 8.705362123874375224e+07
2.010000000000000000e+02 8.863452708959460258e+07
2.030000000000000000e+02 9.022714734463140368e+07
2.050000000000000000e+02 9.183142261822359264e+07
2.070000000000000000e+02 9.344729386999312043e+07
2.090000000000000000e+02 9.507470240337933600e+07
2.110000000000000000e+02 9.671358986420655251e+07
2.130000000000000000e+02 9.836389823925475776e+07
2.150000000000000000e+02 1.000255698548333198e+08
2.170000000000000000e+02 1.016985473753578961e+08
2.190000000000000000e+02 1.033827738019300848e+08
2.210000000000000000e+02 1.050781924709203690e+08
2.230000000000000000e+02 1.067847470525538921e+08
2.250000000000000000e+02 1.085023815494996011e+08
2.270000000000000000e+02 1.102310402954618931e+08
2.290000000000000000e+02 1.119706679537757933e+08
2.310000000000000000e+02 1.137212095160050541e+08
2.330000000000000000e+02 1.154826103005428910e+08
2.350000000000000000e+02 1.172548159512164742e+08
2.370000000000000000e+02 1.190377724358937591e+08
2.390000000000000000e+02 1.208314260450938195e+08
2.410000000000000000e+02 1.226357233905999660e+08
2.430000000000000000e+02 1.244506114040759355e+08
2.450000000000000000e+02 1.262760373356853127e+08
2.470000000000000000e+02 1.281119487527137697e+08
2.490000000000000000e+02 1.299582935381942540e+08
2.510000000000000000e+02 1.318150198895356506e+08
2.530000000000000000e+02 1.336820763171539009e+08
2.550000000000000000e+02 1.355594116431067884e+08
2.570000000000000000e+02 1.374469749997309446e+08
2.590000000000000000e+02 1.393447158282829225e+08
2.610000000000000000e+02 1.412525838775822818e+08
2.630000000000000000e+02 1.431705292026585042e+08
2.650000000000000000e+02 1.450985021634003222e+08
2.670000000000000000e+02 1.470364534232087433e+08
2.690000000000000000e+02 1.489843339476523399e+08
2.710000000000000000e+02 1.509420950031263828e+08
2.730000000000000000e+02 1.529096881555142701e+08
2.750000000000000000e+02 1.548870652688523233e+08
2.770000000000000000e+02 1.568741785039981008e+08
2.790000000000000000e+02 1.588709803173007667e+08
2.810000000000000000e+02 1.608774234592750669e+08
2.830000000000000000e+02 1.628934609732785225e+08
2.850000000000000000e+02 1.649190461941911280e+08
2.870000000000000000e+02 1.669541327470986247e+08
2.890000000000000000e+02 1.689986745459782779e+08
2.910000000000000000e+02 1.710526257923882306e+08
2.930000000000000000e+02 1.731159409741594195e+08
2.950000000000000000e+02 1.751885748640907109e+08
2.970000000000000000e+02 1.772704825186474025e+08
2.990000000000000000e+02 1.793616192766619921e+08
3.010000000000000000e+02 1.814619407580388486e+08
3.030000000000000000e+02 1.835714028624612391e+08
3.050000000000000000e+02 1.856899617681018412e+08
3.070000000000000000e+02 1.878175739303359389e+08
3.090000000000000000e+02 1.899541960804579854e+08
3.110000000000000000e+02 1.920997852244008183e+08
3.130000000000000000e+02 1.942542986414585710e+08
3.150000000000000000e+02 1.964176938830114305e+08
3.170000000000000000e+02 1.985899287712552547e+08
3.190000000000000000e+02 2.007709613979319930e+08
3.210000000000000000e+02 2.029607501230650842e+08
3.230000000000000000e+02 2.051592535736969113e+08
3.250000000000000000e+02 2.073664306426293552e+08
3.270000000000000000e+02 2.095822404871676862e+08
3.290000000000000000e+02 2.118066425278671682e+08
3.310000000000000000e+02 2.140395964472829103e+08
3.330000000000000000e+02 2.162810621887228191e+08
3.350000000000000000e+02 2.185309999550033212e+08
3.370000000000000000e+02 2.207893702072082162e+08
3.390000000000000000e+02 2.230561336634505987e+08
3.410000000000000000e+02 2.253312512976381481e+08
3.430000000000000000e+02 2.276146843382409215e+08
3.450000000000000000e+02 2.299063942670619488e+08
3.470000000000000000e+02 2.322063428180121183e+08
3.490000000000000000e+02 2.345144919758869410e+08
3.510000000000000000e+02 2.368308039751463532e+08
3.530000000000000000e+02 2.391552412986983061e+08
3.550000000000000000e+02 2.414877666766850650e+08
3.570000000000000000e+02 2.438283430852719247e+08
3.590000000000000000e+02 2.461769337454402447e+08
3.610000000000000000e+02 2.485335021217819452e+08
3.630000000000000000e+02 2.508980119212985933e+08
3.650000000000000000e+02 2.532704270922024250e+08
3.670000000000000000e+02 2.556507118227207661e+08
3.690000000000000000e+02 2.580388305399036407e+08
3.710000000000000000e+02 2.604347479084341228e+08
3.730000000000000000e+02 2.628384288294420242e+08
3.750000000000000000e+02 2.652498384393203557e+08
3.770000000000000000e+02 2.676689421085449159e+08
3.790000000000000000e+02 2.700957054404971004e+08
3.810000000000000000e+02 2.725300942702894211e+08
3.830000000000000000e+02 2.749720746635941863e+08
3.850000000000000000e+02 2.774216129154753685e+08
3.870000000000000000e+02 2.798786755492233634e+08
3.890000000000000000e+02 2.823432293151926398e+08
3.910000000000000000e+02 2.848152411896429062e+08
3.930000000000000000e+02 2.872946783735830188e+08
3.950000000000000000e+02 2.897815082916170359e+08
3.970000000000000000e+02 2.922756985907955766e+08
3.990000000000000000e+02 2.947772171394675970e+08
4.010000000000000000e+02 2.972860320261374712e+08
4.030000000000000000e+02 2.998021115583226681e+08
4.050000000000000000e+02 3.023254242614175677e+08
4.070000000000000000e+02 3.048559388775572777e+08
4.090000000000000000e+02 3.073936243644860983e+08
4.110000000000000000e+02 3.099384498944293261e+08
4.130000000000000000e+02 3.124903848529666662e+08
4.150000000000000000e+02 3.150493988379099369e+08
4.170000000000000000e+02 3.176154616581837535e+08
4.190000000000000000e+02 3.201885433327078223e+08
4.210000000000000000e+02 3.227686140892843604e+08
4.230000000000000000e+02 3.253556443634871244e+08
4.250000000000000000e+02 3.279496047975537181e+08
4.270000000000000000e+02 3.305504662392812967e+08
4.290000000000000000e+02 3.331581997409249544e+08
4.310000000000000000e+02 3.357727765580993891e+08
4.330000000000000000e+02 3.383941681486837268e+08
4.350000000000000000e+02 3.410223461717283130e+08
4.370000000000000000e+02 3.436572824863663912e+08
4.390000000000000000e+02 3.462989491507273316e+08
4.410000000000000000e+02 3.489473184208532572e+08
4.430000000000000000e+02 3.516023627496189475e+08
4.450000000000000000e+02 3.542640547856549621e+08
4.470000000000000000e+02 3.569323673722730279e+08
4.490000000000000000e+02 3.596072735463947058e+08
4.510000000000000000e+02 3.622887465374842286e+08
4.530000000000000000e+02 3.649767597664827108e+08
4.550000000000000000e+02 3.676712868447461128e+08
4.570000000000000000e+02 3.703723015729869008e+08
4.590000000000000000e+02 3.730797779402174950e+08
4.610000000000000000e+02 3.757936901226971149e+08
4.630000000000000000e+02 3.785140124828830361e+08
4.650000000000000000e+02 3.812407195683826804e+08
4.670000000000000000e+02 3.839737861109099388e+08
4.690000000000000000e+02 3.867131870252452493e+08
4.710000000000000000e+02 3.894588974081968665e+08
4.730000000000000000e+02 3.922108925375666022e+08
4.750000000000000000e+02 3.949691478711184263e+08
4.770000000000000000e+02 3.977336390455489159e+08
4.790000000000000000e+02 4.005043418754628897e+08
4.810000000000000000e+02 4.032812323523502350e+08
4.830000000000000000e+02 4.060642866435658932e+08
4.850000000000000000e+02 4.088534810913143754e+08
4.870000000000000000e+02 4.116487922116358280e+08
4.890000000000000000e+02 4.144501966933952570e+08
4.910000000000000000e+02 4.172576713972758055e+08
4.930000000000000000e+02 4.200711933547741175e+08
4.950000000000000000e+02 4.228907397671990395e+08
4.970000000000000000e+02 4.257162880046732426e+08
4.990000000000000000e+02 4.285478156051380634e+08
5.010000000000000000e+02 4.313853002733616829e+08
5.030000000000000000e+02 4.342287198799491525e+08
5.050000000000000000e+02 4.370780524603567719e+08
5.070000000000000000e+02 4.399332762139094472e+08
5.090000000000000000e+02 4.427943695028194785e+08
5.110000000000000000e+02 4.456613108512107730e+08
5.130000000000000000e+02 4.485340789441437721e+08
5.150000000000000000e+02 4.514126526266452670e+08
5.170000000000000000e+02 4.542970109027400613e+08
5.190000000000000000e+02 4.571871329344865680e+08
5.210000000000000000e+02 4.600829980410142541e+08
5.230000000000000000e+02 4.629845856975656748e+08
5.250000000000000000e+02 4.658918755345391631e+08
5.270000000000000000e+02 4.688048473365389109e+08
5.290000000000000000e+02 4.717234810414217114e+08
5.310000000000000000e+02 4.746477567393532991e+08
5.330000000000000000e+02 4.775776546718630791e+08
5.350000000000000000e+02 4.805131552309039831e+08
5.370000000000000000e+02 4.834542389579147100e+08
5.390000000000000000e+02 4.864008865428857803e+08
5.410000000000000000e+02 4.893530788234271407e+08
5.430000000000000000e+02 4.923107967838407755e+08
5.450000000000000000e+02 4.952740215541940928e+08
5.470000000000000000e+02 4.982427344093984962e+08
5.490000000000000000e+02 5.012169167682896852e+08
5.510000000000000000e+02 5.041965501927114129e+08
5.530000000000000000e+02 5.071816163866015673e+08
5.550000000000000000e+02 5.101720971950833201e+08
5.570000000000000000e+02 5.131679746035563350e+08
5.590000000000000000e+02 5.161692307367943525e+08
5.610000000000000000e+02 5.191758478580417037e+08
5.630000000000000000e+02 5.221878083681173325e+08
5.650000000000000000e+02 5.252050948045192361e+08
5.670000000000000000e+02 5.282276898405315280e+08
5.690000000000000000e+02 5.312555762843363881e+08
5.710000000000000000e+02 5.342887370781273842e+08
5.730000000000000000e+02 5.373271552972275019e+08
5.750000000000000000e+02 5.403708141492080688e+08
5.770000000000000000e+02 5.434196969730132818e+08
5.790000000000000000e+02 5.464737872380845547e+08
5.810000000000000000e+02 5.495330685434919596e+08
5.830000000000000000e+02 5.525975246170645952e+08
5.850000000000000000e+02 5.556671393145260811e+08
5.870000000000000000e+02 5.587418966186348200e+08
5.890000000000000000e+02 5.618217806383227110e+08
5.910000000000000000e+02 5.649067756078411341e+08
5.930000000000000000e+02 5.679968658859086037e+08
5.950000000000000000e+02 5.710920359548591375e+08
5.970000000000000000e+02 5.741922704197986126e+08
5.990000000000000000e+02 5.772975540077592134e+08
6.010000000000000000e+02 5.804078715668603182e+08
6.030000000000000000e+02 5.835232080654697418e+08
6.050000000000000000e+02 5.866435485913704634e+08
6.070000000000000000e+02 5.897688783509290218e+08
6.090000000000000000e+02 5.928991826682673693e+08
6.110000000000000000e+02 5.960344469844368696e+08
6.130000000000000000e+02 5.991746568565971851e+08
6.150000000000000000e+02 6.023197979571958780e+08
6.170000000000000000e+02 6.054698560731538534e+08
6.190000000000000000e+02 6.086248171050505638e+08
6.210000000000000000e+02 6.117846670663144588e+08
6.230000000000000000e+02 6.149493920824172497e+08
6.250000000000000000e+02 6.181189783900678158e+08
6.270000000000000000e+02 6.212934123364127874e+08
6.290000000000000000e+02 6.244726803782373667e+08
6.310000000000000000e+02 6.276567690811717510e+08
6.330000000000000000e+02 6.308456651188993454e+08
6.350000000000000000e+02 6.340393552723650932e+08
6.370000000000000000e+02 6.372378264289937019e+08
6.390000000000000000e+02 6.404410655819044113e+08
6.410000000000000000e+02 6.436490598291314840e+08
6.430000000000000000e+02 6.468617963728483915e+08
6.450000000000000000e+02 6.500792625185933113e+08
6.470000000000000000e+02 6.533014456744993925e+08
6.490000000000000000e+02 6.565283333505253792e+08
6.510000000000000000e+02 6.597599131576939821e+08
6.530000000000000000e+02 6.629961728073275089e+08
6.550000000000000000e+02 6.662371001102911234e+08
6.570000000000000000e+02 6.694826829762365818e+08
6.590000000000000000e+02 6.727329094128502607e+08
6.610000000000000000e+02 6.759877675251034498e+08
6.630000000000000000e+02 6.792472455145063400e+08
6.650000000000000000e+02 6.825113316783649921e+08
6.670000000000000000e+02 6.857800144090394974e+08
6.690000000000000000e+02 6.890532821932096481e+08
6.710000000000000000e+02 6.923311236111372709e+08
6.730000000000000000e+02 6.956135273359380960e+08
6.750000000000000000e+02 6.989004821328517199e+08
6.770000000000000000e+02 7.021919768585170507e+08
6.790000000000000000e+02 7.054880004602507353e+08
6.810000000000000000e+02 7.087885419753278494e+08
6.830000000000000000e+02 7.120935905302652121e+08
6.850000000000000000e+02 7.154031353401098251e+08
6.870000000000000000e+02 7.187171657077279091e+08
6.890000000000000000e+02 7.220356710230976343e+08
6.910000000000000000e+02 7.253586407626072168e+08
6.930000000000000000e+02 7.286860644883517027e+08
6.950000000000000000e+02 7.320179318474376202e+08
6.970000000000000000e+02 7.353542325712851286e+08
6.990000000000000000e+02 7.386949564749408960e+08
7.010000000000000000e+02 7.420400934563837051e+08
7.030000000000000000e+02 7.453896334958441257e+08
7.050000000000000000e+02 7.487435666551183462e+08
7.070000000000000000e+02 7.521018830768904686e+08
7.090000000000000000e+02 7.554645729840551615e+08
7.110000000000000000e+02 7.588316266790453196e+08
7.130000000000000000e+02 7.622030345431592464e+08
7.150000000000000000e+02 7.655787870358959436e+08
7.170000000000000000e+02 7.689588746942890882e+08
7.190000000000000000e+02 7.723432881322457790e+08
7.210000000000000000e+02 7.757320180398892164e+08
7.230000000000000000e+02 7.791250551829025745e+08
7.250000000000000000e+02 7.825223904018768072e+08
7.270000000000000000e+02 7.859240146116611958e+08
7.290000000000000000e+02 7.893299188007190228e+08
7.310000000000000000e+02 7.927400940304815769e+08
7.330000000000000000e+02 7.961545314347101450e+08
7.350000000000000000e+02 7.995732222188581228e+08
7.370000000000000000e+02 8.029961576594372988e+08
7.390000000000000000e+02 8.064233291033864021e+08
7.410000000000000000e+02 8.098547279674441814e+08
7.430000000000000000e+02 8.132903457375233173e+08
7.450000000000000000e+02 8.167301739680883884e+08
7.470000000000000000e+02 8.201742042815389633e+08
7.490000000000000000e+02 8.236224283675919771e+08
7.510000000000000000e+02 8.270748379826683998e+08
7.530000000000000000e+02 8.305314249492861032e+08
7.550000000000000000e+02 8.339921811554509401e+08
7.570000000000000000e+02 8.374570985540533066e+08
7.590000000000000000e+02 8.409261691622682810e+08
7.610000000000000000e+02 8.443993850609576702e+08
7.630000000000000000e+02 8.478767383940761089e+08
7.650000000000000000e+02 8.513582213680776358e+08
7.670000000000000000e+02 8.548438262513288260e+08
7.690000000000000000e+02 8.583335453735234737e+08
7.710000000000000000e+02 8.618273711250990629e+08
7.730000000000000000e+02 8.653252959566580057e+08
7.750000000000000000e+02 8.688273123783917427e+08
7.770000000000000000e+02 8.723334129595060349e+08
7.790000000000000000e+02 8.758435903276522160e+08
7.810000000000000000e+02 8.793578371683590412e+08
7.830000000000000000e+02 8.828761462244687080e+08
7.850000000000000000e+02 8.863985102955758572e+08
7.870000000000000000e+02 8.899249222374690771e+08
7.890000000000000000e+02 8.934553749615759850e+08
7.910000000000000000e+02 8.969898614344112873e+08
7.930000000000000000e+02 9.005283746770275831e+08
7.950000000000000000e+02 9.040709077644695044e+08
7.970000000000000000e+02 9.076174538252300024e+08
7.990000000000000000e+02 9.111680060407124758e+08
8.010000000000000000e+02 9.147225576446906328e+08
8.030000000000000000e+02 9.182811019227776527e+08
8.050000000000000000e+02 9.218436322118942738e+08
8.070000000000000000e+02 9.254101418997405767e+08
8.090000000000000000e+02 9.289806244242705107e+08
8.110000000000000000e+02 9.325550732731738091e+08
8.130000000000000000e+02 9.361334819833518267e+08
8.150000000000000000e+02 9.397158441404070854e+08
8.170000000000000000e+02 9.433021533781267405e+08
8.190000000000000000e+02 9.468924033779758215e+08
8.210000000000000000e+02 9.504865878685892820e+08
8.230000000000000000e+02 9.540847006252683401e+08
8.250000000000000000e+02 9.576867354694795609e+08
8.270000000000000000e+02 9.612926862683609724e+08
8.290000000000000000e+02 9.649025469342219830e+08
8.310000000000000000e+02 9.685163114240564108e+08
8.330000000000000000e+02 9.721339737390531301e+08
8.350000000000000000e+02 9.757555279241095781e+08
8.370000000000000000e+02 9.793809680673500299e+08
8.390000000000000000e+02 9.830102882996485233e+08
8.410000000000000000e+02 9.866434827941482067e+08
8.430000000000000000e+02 9.902805457657929659e+08
8.450000000000000000e+02 9.939214714708536863e+08
8.470000000000000000e+02 9.975662542064633369e+08
8.490000000000000000e+02 1.001214888310152411e+09
8.510000000000000000e+02 1.004867368159386992e+09
8.530000000000000000e+02 1.008523688171111941e+09
8.550000000000000000e+02 1.012183842801295757e+09
8.570000000000000000e+02 1.015847826544477701e+09
8.590000000000000000e+02 1.019515633933320999e+09
8.610000000000000000e+02 1.023187259538163662e+09
8.630000000000000000e+02 1.026862697966579437e+09
8.650000000000000000e+02 1.030541943862936497e+09
8.670000000000000000e+02 1.034224991907958627e+09
8.690000000000000000e+02 1.037911836818295121e+09
8.710000000000000000e+02 1.041602473346088171e+09
8.730000000000000000e+02 1.045296896278545141e+09
8.750000000000000000e+02 1.048995100437513828e+09
8.770000000000000000e+02 1.052697080679063916e+09
8.790000000000000000e+02 1.056402831893062949e+09
8.810000000000000000e+02 1.060112349002765775e+09
8.830000000000000000e+02 1.063825626964398861e+09
8.850000000000000000e+02 1.067542660766754627e+09
8.870000000000000000e+02 1.071263445430779696e+09
8.890000000000000000e+02 1.074987976009176731e+09
8.910000000000000000e+02 1.078716247586001396e+09
8.930000000000000000e+02 1.082448255276265621e+09
8.950000000000000000e+02 1.086183994225542784e+09
8.970000000000000000e+02 1.089923459609578371e+09
8.990000000000000000e+02 1.093666646633900642e+09
9.010000000000000000e+02 1.097413550533433676e+09
9.030000000000000000e+02 1.101164166572118521e+09
9.050000000000000000e+02 1.104918490042532921e+09
9.070000000000000000e+02 1.108676516265513897e+09
9.090000000000000000e+02 1.112438240589786291e+09
9.110000000000000000e+02 1.116203658391593933e+09
9.130000000000000000e+02 1.119972765074329615e+09
9.150000000000000000e+02 1.123745556068172932e+09
9.170000000000000000e+02 1.127522026829730034e+09
9.190000000000000000e+02 1.131302172841675520e+09
9.210000000000000000e+02 1.135085989612396002e+09
9.230000000000000000e+02 1.138873472675639868e+09
9.250000000000000000e+02 1.142664617590170383e+09
9.270000000000000000e+02 1.146459419939415455e+09
9.290000000000000000e+02 1.150257875331129074e+09
9.310000000000000000e+02 1.154059979397050142e+09
9.330000000000000000e+02 1.157865727792565107e+09
9.350000000000000000e+02 1.161675116196375847e+09
9.370000000000000000e+02 1.165488140310169220e+09
9.390000000000000000e+02 1.169304795858289003e+09
9.410000000000000000e+02 1.173125078587410688e+09
9.430000000000000000e+02 1.176948984266221046e+09
9.450000000000000000e+02 1.180776508685100794e+09
9.470000000000000000e+02 1.184607647655806541e+09
9.490000000000000000e+02 1.188442397011162043e+09
9.510000000000000000e+02 1.192280752604744911e+09
9.530000000000000000e+02 1.196122710310585260e+09
9.550000000000000000e+02 1.199968266022856712e+09
9.570000000000000000e+02 1.203817415655582666e+09
9.590000000000000000e+02 1.207670155142333984e+09
9.610000000000000000e+02 1.211526480435935497e+09
9.630000000000000000e+02 1.215386387508179903e+09
9.650000000000000000e+02 1.219249872349534035e+09
9.670000000000000000e+02 1.223116930968855619e+09
9.690000000000000000e+02 1.226987559393113375e+09
9.710000000000000000e+02 1.230861753667106152e+09
9.730000000000000000e+02 1.234739509853186369e+09
9.750000000000000000e+02 1.238620824030989885e+09
9.770000000000000000e+02 1.242505692297164917e+09
9.790000000000000000e+02 1.246394110765102625e+09
9.810000000000000000e+02 1.250286075564677477e+09
9.830000000000000000e+02 1.254181582841986656e+09
9.850000000000000000e+02 1.258080628759086609e+09
9.870000000000000000e+02 1.261983209493746996e+09
9.890000000000000000e+02 1.265889321239191294e+09
9.910000000000000000e+02 1.269798960203853130e+09
9.930000000000000000e+02 1.273712122611129522e+09
9.950000000000000000e+02 1.277628804699137211e+09
9.970000000000000000e+02 1.281549002720475912e+09
9.990000000000000000e+02 1.285472712941987514e+09
1.001000000000000000e+03 1.289399931644527912e+09
1.003000000000000000e+03 1.293330655122733593e+09
1.005000000000000000e+03 1.297264879684794188e+09
1.007000000000000000e+03 1.301202601652229309e+09
1.009000000000000000e+03 1.305143817359668255e+09
1.011000000000000000e+03 1.309088523154629230e+09
1.013000000000000000e+03 1.313036715397305727e+09
1.015000000000000000e+03 1.316988390460354328e+09
1.017000000000000000e+03 1.320943544728686810e+09
1.019000000000000000e+03 1.324902174599261522e+09
1.021000000000000000e+03 1.328864276480881929e+09
1.023000000000000000e+03 1.332829846793996811e+09
1.025000000000000000e+03 1.336798881970502853e+09
1.027000000000000000e+03 1.340771378453552008e+09
1.029000000000000000e+03 1.344747332697356224e+09
1.031000000000000000e+03 1.348726741167006731e+09
1.033000000000000000e+03 1.352709600338283539e+09
1.035000000000000000e+03 1.356695906697476864e+09
1.037000000000000000e+03 1.360685656741204023e+09
1.039000000000000000e+03 1.364678846976240158e+09
1.041000000000000000e+03 1.368675473919341087e+09
1.043000000000000000e+03 1.372675534097075224e+09
1.045000000000000000e+03 1.376679024045656204e+09
1.047000000000000000e+03 1.380685940310779095e+09
1.049000000000000000e+03 1.384696279447463036e+09
1.051000000000000000e+03 1.388710038019889355e+09
1.053000000000000000e+03 1.392727212601248980e+09
1.055000000000000000e+03 1.396747799773591757e+09
1.057000000000000000e+03 1.400771796127678156e+09
1.059000000000000000e+03 1.404799198262832880e+09
1.061000000000000000e+03 1.408830002786802769e+09
1.063000000000000000e+03 1.412864206315616608e+09
1.065000000000000000e+03 1.416901805473452330e+09
1.067000000000000000e+03 1.420942796892499685e+09
1.069000000000000000e+03 1.424987177212834120e+09
1.071000000000000000e+03 1.429034943082284451e+09
1.073000000000000000e+03 1.433086091156315088e+09
1.075000000000000000e+03 1.437140618097898722e+09
1.077000000000000000e+03 1.441198520577404261e+09
1.079000000000000000e+03 1.445259795272476196e+09
1.081000000000000000e+03 1.449324438867927551e+09
1.083000000000000000e+03 1.453392448055626631e+09
1.085000000000000000e+03 1.457463819534396887e+09
1.087000000000000000e+03 1.461538550009906054e+09
1.089000000000000000e+03 1.465616636194574356e+09
1.091000000000000000e+03 1.469698074807471514e+09
1.093000000000000000e+03 1.473782862574228764e+09
1.095000000000000000e+03 1.477870996226943016e+09
1.097000000000000000e+03 1.481962472504091740e+09
1.099000000000000000e+03 1.486057288150448084e+09
1.101000000000000000e+03 1.490155439916999102e+09
1.103000000000000000e+03 1.494256924560866594e+09
1.105000000000000000e+03 1.498361738845232725e+09
1.107000000000000000e+03 1.502469879539268494e+09
1.109000000000000000e+03 1.506581343418060064e+09
1.111000000000000000e+03 1.510696127262546778e+09
1.113000000000000000e+03 1.514814227859456539e+09
1.115000000000000000e+03 1.518935642001244307e+09
1.117000000000000000e+03 1.523060366486035109e+09
1.119000000000000000e+03 1.527188398117571592e+09
1.121000000000000000e+03 1.531319733705158949e+09
1.123000000000000000e+03 1.535454370063622713e+09
1.125000000000000000e+03 1.539592304013258219e+09
1.127000000000000000e+03 1.543733532379788876e+09
1.129000000000000000e+03 1.547878051994331360e+09
1.131000000000000000e+03 1.552025859693355322e+09
1.133000000000000000e+03 1.556176952318650723e+09
1.135000000000000000e+03 1.560331326717301607e+09
1.137000000000000000e+03 1.564488979741654634e+09
1.139000000000000000e+03 1.568649908249296904e+09
1.141000000000000000e+03 1.572814109103034496e+09
1.143000000000000000e+03 1.576981579170878649e+09
1.145000000000000000e+03 1.581152315326023340e+09
1.147000000000000000e+03 1.585326314446840763e+09
1.149000000000000000e+03 1.589503573416869164e+09
1.151000000000000000e+03 1.593684089124805212e+09
1.153000000000000000e+03 1.597867858464507818e+09
1.155000000000000000e+03 1.602054878334990263e+09
1.157000000000000000e+03 1.606245145640430450e+09
1.159000000000000000e+03 1.610438657290173054e+09
1.161000000000000000e+03 1.614635410198742867e+09
1.163000000000000000e+03 1.618835401285851479e+09
1.165000000000000000e+03 1.623038627476418972e+09
1.167000000000000000e+03 1.627245085700590134e+09
1.169000000000000000e+03 1.631454772893754244e+09
1.171000000000000000e+03 1.635667685996571302e+09
1.173000000000000000e+03 1.639883821955001116e+09
1.175000000000000000e+03 1.644103177720332384e+09
1.177000000000000000e+03 1.648325750249216080e+09
1.179000000000000000e+03 1.652551536503702164e+09
1.181000000000000000e+03 1.656780533451281786e+09
1.183000000000000000e+03 1.661012738064928770e+09
1.185000000000000000e+03 1.665248147323141813e+09
1.187000000000000000e+03 1.669486758210001230e+09
1.189000000000000000e+03 1.673728567715214014e+09
1.191000000000000000e+03 1.677973572834172249e+09
1.193000000000000000e+03 1.682221770568008184e+09
1.195000000000000000e+03 1.686473157923661232e+09
1.197000000000000000e+03 1.690727731913936138e+09
1.199000000000000000e+03 1.694985489557570696e+09
1.201000000000000000e+03 1.699246427879309893e+09
1.203000000000000000e+03 1.703510543909976959e+09
1.205000000000000000e+03 1.707777834686546564e+09
1.207000000000000000e+03 1.712048297252230167e+09
1.209000000000000000e+03 1.716321928656552553e+09
1.211000000000000000e+03 1.720598725955440998e+09
1.213000000000000000e+03 1.724878686211312532e+09
1.215000000000000000e+03 1.729161806493164778e+09
1.217000000000000000e+03 1.733448083876670122e+09
1.219000000000000000e+03 1.737737515444275618e+09
1.221000000000000000e+03 1.742030098285301685e+09
1.223000000000000000e+03 1.746325829496044159e+09
1.225000000000000000e+03 1.750624706179884911e+09
1.227000000000000000e+03 1.754926725447396517e+09
1.229000000000000000e+03 1.759231884416461229e+09
1.231000000000000000e+03 1.763540180212380171e+09
1.233000000000000000e+03 1.767851609967994690e+09
1.235000000000000000e+03 1.772166170823810339e+09
1.237000000000000000e+03 1.776483859928119183e+09
1.239000000000000000e+03 1.780804674437128782e+09
1.241000000000000000e+03 1.785128611515091419e+09
1.243000000000000000e+03 1.789455668334439039e+09
1.245000000000000000e+03 1.793785842075922728e+09
1.247000000000000000e+03 1.798119129928746700e+09
1.249000000000000000e+03 1.802455529090718508e+09
1.251000000000000000e+03 1.806795036768388987e+09
1.253000000000000000e+03 1.811137650177206993e+09
1.255000000000000000e+03 1.815483366541663647e+09
1.257000000000000000e+03 1.819832183095457077e+09
1.259000000000000000e+03 1.824184097081643820e+09
1.261000000000000000e+03 1.828539105752802134e+09
1.263000000000000000e+03 1.832897206371196270e+09
1.265000000000000000e+03 1.837258396208944559e+09
1.267000000000000000e+03 1.841622672548189640e+09
1.269000000000000000e+03 1.845990032681268454e+09
1.271000000000000000e+03 1.850360473910893440e+09
1.273000000000000000e+03 1.854733993550329447e+09
1.275000000000000000e+03 1.859110588923580170e+09
1.277000000000000000e+03 1.863490257365562677e+09
1.279000000000000000e+03 1.867872996222311974e+09
1.281000000000000000e+03 1.872258802851157427e+09
1.283000000000000000e+03 1.876647674620928288e+09
1.285000000000000000e+03 1.881039608912147284e+09
1.287000000000000000e+03 1.885434603117229223e+09
1.289000000000000000e+03 1.889832654640686512e+09
1.291000000000000000e+03 1.894233760899338961e+09
1.293000000000000000e+03 1.898637919322517633e+09
1.295000000000000000e+03 1.903045127352285147e+09
1.297000000000000000e+03 1.907455382443643093e+09
1.299000000000000000e+03 1.911868682064757109e+09
1.301000000000000000e+03 1.916285023697175264e+09
1.303000000000000000e+03 1.920704404836060286e+09
1.305000000000000000e+03 1.925126822990404606e+09
1.307000000000000000e+03 1.929552275683272839e+09
1.309000000000000000e+03 1.933980760452030182e+09
1.311000000000000000e+03 1.938412274848584652e+09
1.313000000000000000e+03 1.942846816439620018e+09
1.315000000000000000e+03 1.947284382806842804e+09
1.317000000000000000e+03 1.951724971547230005e+09
1.319000000000000000e+03 1.956168580273278952e+09
1.321000000000000000e+03 1.960615206613252640e+09
1.323000000000000000e+03 1.965064848211444616e+09
1.325000000000000000e+03 1.969517502728429079e+09
1.327000000000000000e+03 1.973973167841328621e+09
1.329000000000000000e+03 1.978431841244073868e+09
1.331000000000000000e+03 1.982893520647675514e+09
1.333000000000000000e+03 1.987358203780489683e+09
1.335000000000000000e+03 1.991825888388497114e+09
1.337000000000000000e+03 1.996296572235574245e+09
1.339000000000000000e+03 2.000770253103775978e+09
1.341000000000000000e+03 2.005246928793619156e+09
1.343000000000000000e+03 2.009726597124363899e+09
1.345000000000000000e+03 2.014209255934309483e+09
1.347000000000000000e+03 2.018694903081079721e+09
1.349000000000000000e+03 2.023183536441920757e+09
1.351000000000000000e+03 2.027675153913995028e+09
1.353000000000000000e+03 2.032169753414690971e+09
1.355000000000000000e+03 2.036667332881914616e+09
1.357000000000000000e+03 2.041167890274410725e+09
1.359000000000000000e+03 2.045671423572057486e+09
1.361000000000000000e+03 2.050177930776192188e+09
1.363000000000000000e+03 2.054687409909922838e+09
1.365000000000000000e+03 2.059199859018439770e+09
1.367000000000000000e+03 2.063715276169353247e+09
1.369000000000000000e+03 2.068233659453005314e+09
1.371000000000000000e+03 2.072755006982806206e+09
1.373000000000000000e+03 2.077279316895557165e+09
1.375000000000000000e+03 2.081806587351793051e+09
1.377000000000000000e+03 2.086336816536116600e+09
1.379000000000000000e+03 2.090870002657536983e+09
1.381000000000000000e+03 2.095406143949813604e+09
1.383000000000000000e+03 2.099945238671805382e+09
1.385000000000000000e+03 2.104487285107819796e+09
1.387000000000000000e+03 2.109032281567960024e+09
1.389000000000000000e+03 2.113580226388485670e+09
1.391000000000000000e+03 2.118131117932173252e+09
1.393000000000000000e+03 2.122684954588668346e+09
1.395000000000000000e+03 2.127241734774861574e+09
1.397000000000000000e+03 2.131801456935248137e+09
1.399000000000000000e+03 2.136364119542301416e+09
1.401000000000000000e+03 2.140929721096850157e+09
1.403000000000000000e+03 2.145498260128447294e+09
1.405000000000000000e+03 2.150069735195756912e+09
1.407000000000000000e+03 2.154644144886931419e+09
1.409000000000000000e+03 2.159221487820004940e+09
1.411000000000000000e+03 2.163801762643272877e+09
1.413000000000000000e+03 2.168384968035691261e+09
1.415000000000000000e+03 2.172971102707268715e+09
1.417000000000000000e+03 2.177560165399464607e+09
1.419000000000000000e+03 2.182152154885589600e+09
1.421000000000000000e+03 2.186747069971209526e+09
1.423000000000000000e+03 2.191344909494558811e+09
1.425000000000000000e+03 2.195945672326935768e+09
1.427000000000000000e+03 2.200549357373134136e+09
1.429000000000000000e+03 2.205155963571846008e+09
1.431000000000000000e+03 2.209765489896085739e+09
1.433000000000000000e+03 2.214377935353612423e+09
1.435000000000000000e+03 2.218993298987353325e+09
1.437000000000000000e+03 2.223611579875836372e+09
1.439000000000000000e+03 2.228232777133617878e+09
1.441000000000000000e+03 2.232856889911715508e+09
1.443000000000000000e+03 2.237483917398049831e+09
1.445000000000000000e+03 2.242113858817883968e+09
1.447000000000000000e+03 2.246746713434266567e+09
1.449000000000000000e+03 2.251382480548472881e+09
1.451000000000000000e+03 2.256021159500468731e+09
1.453000000000000000e+03 2.260662749669346809e+09
1.455000000000000000e+03 2.265307250473792076e+09
1.457000000000000000e+03 2.269954661372535706e+09
1.459000000000000000e+03 2.274604981864822388e+09
1.461000000000000000e+03 2.279258211490872383e+09
1.463000000000000000e+03 2.283914349832342148e+09
1.465000000000000000e+03 2.288573396512809277e+09
1.467000000000000000e+03 2.293235351198236942e+09
1.469000000000000000e+03 2.297900213597449780e+09
1.471000000000000000e+03 2.302567983462618351e+09
1.473000000000000000e+03 2.307238660589742661e+09
1.475000000000000000e+03 2.311912244819133759e+09
1.477000000000000000e+03 2.316588736035907269e+09
1.479000000000000000e+03 2.321268134170472145e+09
1.481000000000000000e+03 2.325950439199025631e+09
1.483000000000000000e+03 2.330635651144058228e+09
1.485000000000000000e+03 2.335323770074839592e+09
1.487000000000000000e+03 2.340014796107945442e+09
1.489000000000000000e+03 2.344708729407741547e+09
1.491000000000000000e+03 2.349405570186912537e+09
1.493000000000000000e+03 2.354105318706961155e+09
1.495000000000000000e+03 2.358807975278733730e+09
1.497000000000000000e+03 2.363513540262936592e+09
1.499000000000000000e+03 2.368222014070659637e+09
1.501000000000000000e+03 2.372933397163897991e+09
1.503000000000000000e+03 2.377647690056086540e+09
1.505000000000000000e+03 2.382364893312624931e+09
1.507000000000000000e+03 2.387085007551420689e+09
1.509000000000000000e+03 2.391808033443417549e+09
1.511000000000000000e+03 2.396533971713140011e+09
1.513000000000000000e+03 2.401262823139239788e+09
1.515000000000000000e+03 2.405994588555039406e+09
1.517000000000000000e+03 2.410729268849082470e+09
1.519000000000000000e+03 2.415466864965685844e+09
1.521000000000000000e+03 2.420207377905497074e+09
1.523000000000000000e+03 2.424950808726051807e+09
1.525000000000000000e+03 2.429697158542340279e+09
1.527000000000000000e+03 2.434446428527363300e+09
1.529000000000000000e+03 2.439198619912705898e+09
1.531000000000000000e+03 2.443953733989112377e+09
1.533000000000000000e+03 2.448711772107048988e+09
1.535000000000000000e+03 2.453472735677296638e+09
1.537000000000000000e+03 2.458236626171512604e+09
1.539000000000000000e+03 2.463003445122828960e+09
1.541000000000000000e+03 2.467773194126432896e+09
1.543000000000000000e+03 2.472545874840156555e+09
1.545000000000000000e+03 2.477321488985064030e+09
1.547000000000000000e+03 2.482100038346058369e+09
1.549000000000000000e+03 2.486881524772469044e+09
1.551000000000000000e+03 2.491665950178657055e+09
1.553000000000000000e+03 2.496453316544625282e+09
1.555000000000000000e+03 2.501243625916608810e+09
1.557000000000000000e+03 2.506036880407709599e+09
1.559000000000000000e+03 2.510833082198491096e+09
1.561000000000000000e+03 2.515632233537600994e+09
1.563000000000000000e+03 2.520434336742392063e+09
1.565000000000000000e+03 2.525239394199543476e+09
1.567000000000000000e+03 2.530047408365684509e+09
1.569000000000000000e+03 2.534858381768031597e+09
1.571000000000000000e+03 2.539672317005003452e+09
1.573000000000000000e+03 2.544489216746874332e+09
1.575000000000000000e+03 2.549309083736402988e+09
1.577000000000000000e+03 2.554131920789470196e+09
1.579000000000000000e+03 2.558957730795729637e+09
1.581000000000000000e+03 2.563786516719249249e+09
1.583000000000000000e+03 2.568618281599167824e+09
1.585000000000000000e+03 2.573453028550341606e+09
1.587000000000000000e+03 2.578290760763999939e+09
1.589000000000000000e+03 2.583131481508409023e+09
1.591000000000000000e+03 2.587975194129535198e+09
1.593000000000000000e+03 2.592821902051701546e+09
1.595000000000000000e+03 2.597671608778266907e+09
1.597000000000000000e+03 2.602524317892280102e+09
1.599000000000000000e+03 2.607380033057177544e+09
1.601000000000000000e+03 2.612238758017445564e+09
1.603000000000000000e+03 2.617100496599301338e+09
1.605000000000000000e+03 2.621965252711378574e+09
1.607000000000000000e+03 2.626833030345413208e+09
1.609000000000000000e+03 2.631703833576936722e+09
1.611000000000000000e+03 2.636577666565961838e+09
1.613000000000000000e+03 2.641454533557681084e+09
1.615000000000000000e+03 2.646334438883171082e+09
1.617000000000000000e+03 2.651217386960080147e+09
1.619000000000000000e+03 2.656103382293350697e+09
1.621000000000000000e+03 2.660992429475907326e+09
1.623000000000000000e+03 2.665884533189384460e+09
1.625000000000000000e+03 2.670779698204833031e+09
1.627000000000000000e+03 2.675677929383434296e+09
1.629000000000000000e+03 2.680579231677225113e+09
1.631000000000000000e+03 2.685483610129817486e+09
1.633000000000000000e+03 2.690391069877123356e+09
1.635000000000000000e+03 2.695301616148086548e+09
1.637000000000000000e+03 2.700215254265417099e+09
1.639000000000000000e+03 2.705131989646317959e+09
1.641000000000000000e+03 2.710051827803226948e+09
1.643000000000000000e+03 2.714974774344561577e+09
1.645000000000000000e+03 2.719900834975461006e+09
1.647000000000000000e+03 2.724830015498522282e+09
1.649000000000000000e+03 2.729762321814573765e+09
1.651000000000000000e+03 2.734697759923402786e+09
1.653000000000000000e+03 2.739636335924533367e+09
1.655000000000000000e+03 2.744578056017971516e+09
1.657000000000000000e+03 2.749522926504965782e+09
1.659000000000000000e+03 2.754470953788787365e+09
1.661000000000000000e+03 2.759422144375488758e+09
1.663000000000000000e+03 2.764376504874667168e+09
1.665000000000000000e+03 2.769334042000258446e+09
1.667000000000000000e+03 2.774294762571296692e+09
1.669000000000000000e+03 2.779258673512708187e+09
1.671000000000000000e+03 2.784225781856081009e+09
1.673000000000000000e+03 2.789196094740458965e+09
1.675000000000000000e+03 2.794169619413139820e+09
1.677000000000000000e+03 2.799146363230449200e+09
1.679000000000000000e+03 2.804126333658551693e+09
1.681000000000000000e+03 2.809109538274248600e+09
1.683000000000000000e+03 2.814095984765762329e+09
1.685000000000000000e+03 2.819085680933563709e+09
1.687000000000000000e+03 2.824078634691171169e+09
1.689000000000000000e+03 2.829074854065950394e+09
1.691000000000000000e+03 2.834074347199952602e+09
1.693000000000000000e+03 2.839077122350704193e+09
1.695000000000000000e+03 2.844083187892043591e+09
1.697000000000000000e+03 2.849092552314947128e+09
1.699000000000000000e+03 2.854105224228334904e+09
1.701000000000000000e+03 2.859121212359921455e+09
1.703000000000000000e+03 2.864140525557041168e+09
1.705000000000000000e+03 2.869163172787475586e+09
1.707000000000000000e+03 2.874189163140301228e+09
1.709000000000000000e+03 2.879218505826724052e+09
1.711000000000000000e+03 2.884251210180930614e+09
1.713000000000000000e+03 2.889287285660932064e+09
1.715000000000000000e+03 2.894326741849405289e+09
1.717000000000000000e+03 2.899369588454556942e+09
1.719000000000000000e+03 2.904415835310989857e+09
1.721000000000000000e+03 2.909465492380534172e+09
1.723000000000000000e+03 2.914518569753138065e+09
1.725000000000000000e+03 2.919575077647706985e+09
1.727000000000000000e+03 2.924635026413001537e+09
1.729000000000000000e+03 2.929698426528480530e+09
1.731000000000000000e+03 2.934765288605197430e+09
1.733000000000000000e+03 2.939835623386659622e+09
1.735000000000000000e+03 2.944909441749729156e+09
1.737000000000000000e+03 2.949986754705487251e+09
1.739000000000000000e+03 2.955067573400134563e+09
1.741000000000000000e+03 2.960151909115870476e+09
1.743000000000000000e+03 2.965239773271800995e+09
1.745000000000000000e+03 2.970331177424806595e+09
1.747000000000000000e+03 2.975426133270479202e+09
1.749000000000000000e+03 2.980524652643991947e+09
1.751000000000000000e+03 2.985626747521019936e+09
1.753000000000000000e+03 2.990732430018640995e+09
1.755000000000000000e+03 2.995841712396256447e+09
1.757000000000000000e+03 3.000954607056493759e+09
1.759000000000000000e+03 3.006071126546131611e+09
1.761000000000000000e+03 3.011191283557010174e+09
1.763000000000000000e+03 3.016315090926970005e+09
1.765000000000000000e+03 3.021442561640763283e+09
1.767000000000000000e+03 3.026573708830996990e+09
1.769000000000000000e+03 3.031708545779039860e+09
1.771000000000000000e+03 3.036847085915998459e+09
1.773000000000000000e+03 3.041989342823610783e+09
1.775000000000000000e+03 3.047135330235224724e+09
1.777000000000000000e+03 3.052285062036715031e+09
1.779000000000000000e+03 3.057438552267444134e+09
1.781000000000000000e+03 3.062595815121213436e+09
1.783000000000000000e+03 3.067756864947219372e+09
1.785000000000000000e+03 3.072921716250993729e+09
1.787000000000000000e+03 3.078090383695376873e+09
1.789000000000000000e+03 3.083262882101485252e+09
1.791000000000000000e+03 3.088439226449658394e+09
1.793000000000000000e+03 3.093619431880447388e+09
1.795000000000000000e+03 3.098803513695567131e+09
1.797000000000000000e+03 3.103991487358894348e+09
1.799000000000000000e+03 3.109183368497427464e+09
1.801000000000000000e+03 3.114379172902261734e+09
1.803000000000000000e+03 3.119578916529597759e+09
1.805000000000000000e+03 3.124782615501710892e+09
1.807000000000000000e+03 3.129990286107943058e+09
1.809000000000000000e+03 3.135201944805696011e+09
1.811000000000000000e+03 3.140417608221434116e+09
1.813000000000000000e+03 3.145637293151668072e+09
1.815000000000000000e+03 3.150861016563974857e+09
1.817000000000000000e+03 3.156088795597995281e+09
1.819000000000000000e+03 3.161320647566435814e+09
1.821000000000000000e+03 3.166556589956086636e+09
1.823000000000000000e+03 3.171796640428836823e+09
1.825000000000000000e+03 3.177040816822690010e+09
1.827000000000000000e+03 3.182289137152781487e+09
1.829000000000000000e+03 3.187541619612404346e+09
1.831000000000000000e+03 3.192798282574041367e+09
1.833000000000000000e+03 3.198059144590371132e+09
1.835000000000000000e+03 3.203324224395342827e+09
1.837000000000000000e+03 3.208593540905162334e+09
1.839000000000000000e+03 3.213867113219377041e+09
1.841000000000000000e+03 3.219144960621880054e+09
1.843000000000000000e+03 3.224427102581969261e+09
1.845000000000000000e+03 3.229713558755406857e+09
1.847000000000000000e+03 3.235004348985446930e+09
1.849000000000000000e+03 3.240299493303915024e+09
1.851000000000000000e+03 3.245599011932238579e+09
1.853000000000000000e+03 3.250902925282518387e+09
1.855000000000000000e+03 3.256211253958597660e+09
1.857000000000000000e+03 3.261524018757125378e+09
1.859000000000000000e+03 3.266841240668606281e+09
1.861000000000000000e+03 3.272162940878509045e+09
1.863000000000000000e+03 3.277489140768301487e+09
1.865000000000000000e+03 3.282819861916557789e+09
1.867000000000000000e+03 3.288155126100025177e+09
1.869000000000000000e+03 3.293494955294709206e+09
1.871000000000000000e+03 3.298839371676971912e+09
1.873000000000000000e+03 3.304188397624605179e+09
1.875000000000000000e+03 3.309542055717940807e+09
1.877000000000000000e+03 3.314900368740919590e+09
1.879000000000000000e+03 3.320263359682225704e+09
1.881000000000000000e+03 3.325631051736371994e+09
1.883000000000000000e+03 3.331003468304792404e+09
1.885000000000000000e+03 3.336380632996973991e+09
1.887000000000000000e+03 3.341762569631548882e+09
1.889000000000000000e+03 3.347149302237428188e+09
1.891000000000000000e+03 3.352540855054896355e+09
1.893000000000000000e+03 3.357937252536747932e+09
1.895000000000000000e+03 3.363338519349411011e+09
1.897000000000000000e+03 3.368744680374061584e+09
1.899000000000000000e+03 3.374155760707761288e+09
1.901000000000000000e+03 3.379571785664600849e+09
1.903000000000000000e+03 3.384992780776811600e+09
1.905000000000000000e+03 3.390418771795918465e+09
1.907000000000000000e+03 3.395849784693881512e+09
1.909000000000000000e+03 3.401285845664242744e+09
1.911000000000000000e+03 3.406726981123268604e+09
1.913000000000000000e+03 3.412173217711095333e+09
1.915000000000000000e+03 3.417624582292901993e+09
1.917000000000000000e+03 3.423081101960040092e+09
1.919000000000000000e+03 3.428542804031227589e+09
1.921000000000000000e+03 3.434009716053668022e+09
1.923000000000000000e+03 3.439481865804263592e+09
1.925000000000000000e+03 3.444959281290751934e+09
1.927000000000000000e+03 3.450441990752890110e+09
1.929000000000000000e+03 3.455930022663619518e+09
1.931000000000000000e+03 3.461423405730268478e+09
1.933000000000000000e+03 3.466922168895701885e+09
1.935000000000000000e+03 3.472426341339519024e+09
1.937000000000000000e+03 3.477935952479258060e+09
1.939000000000000000e+03 3.483451031971558094e+09
1.941000000000000000e+03 3.488971609713370323e+09
1.943000000000000000e+03 3.494497715843133926e+09
1.945000000000000000e+03 3.500029380742015362e+09
1.947000000000000000e+03 3.505566635035062313e+09
1.949000000000000000e+03 3.511109509592448711e+09
1.951000000000000000e+03 3.516658035530652523e+09
1.953000000000000000e+03 3.522212244213696957e+09
1.955000000000000000e+03 3.527772167254337311e+09
1.957000000000000000e+03 3.533337836515295029e+09
1.959000000000000000e+03 3.538909284110473156e+09
1.961000000000000000e+03 3.544486542406186104e+09
1.963000000000000000e+03 3.550069644022369862e+09
1.965000000000000000e+03 3.555658621833837986e+09
1.967000000000000000e+03 3.561253508971484661e+09
1.969000000000000000e+03 3.566854338823544502e+09
1.971000000000000000e+03 3.572461145036818504e+09
1.973000000000000000e+03 3.578073961517918587e+09
1.975000000000000000e+03 3.583692822434518337e+09
1.977000000000000000e+03 3.589317762216581345e+09
1.979000000000000000e+03 3.594948815557646751e+09
1.981000000000000000e+03 3.600586017416045666e+09
1.983000000000000000e+03 3.606229403016194820e+09
1.985000000000000000e+03 3.611879007849810600e+09
1.987000000000000000e+03 3.617534867677224636e+09
1.989000000000000000e+03 3.623197018528606892e+09
1.991000000000000000e+03 3.628865496705265999e+09
1.993000000000000000e+03 3.634540338780897617e+09
1.995000000000000000e+03 3.640221581602864742e+09
1.997000000000000000e+03 3.645909262293493271e+09
1.999000000000000000e+03 3.651603418251339436e+09
