# t[Gyr], h[pc]_thin.d
1.250000000000000069e-02 5.961637988018700298e+02
3.750000000000000555e-02 5.956306710001435931e+02
6.250000000000001388e-02 5.950969841655440860e+02
8.750000000000000833e-02 5.945627369797477968e+02
1.125000000000000167e-01 5.940279281179859936e+02
1.375000000000000389e-01 5.934925562489963795e+02
1.625000000000000333e-01 5.929566200349742076e+02
1.875000000000000555e-01 5.924201181315232816e+02
2.125000000000000500e-01 5.918830491876060478e+02
2.375000000000000444e-01 5.913454118454936861e+02
2.625000000000000666e-01 5.908072047407140417e+02
2.875000000000000888e-01 5.902684265020027397e+02
3.125000000000000555e-01 5.897290757512497521e+02
3.375000000000000777e-01 5.891891511034477844e+02
3.625000000000000999e-01 5.886486511666395245e+02
3.875000000000000666e-01 5.881075745418653469e+02
4.125000000000000888e-01 5.875659198231081746e+02
4.375000000000001110e-01 5.870236855972405010e+02
4.625000000000000777e-01 5.864808704439698204e+02
4.875000000000000999e-01 5.859374729357821252e+02
5.125000000000000666e-01 5.853934916378877915e+02
5.375000000000000888e-01 5.848489251081645079e+02
5.625000000000001110e-01 5.843037718971003187e+02
5.875000000000000222e-01 5.837580305477368938e+02
6.125000000000000444e-01 5.832116995956113215e+02
6.375000000000000666e-01 5.826647775686975592e+02
6.625000000000000888e-01 5.821172629873482265e+02
6.875000000000001110e-01 5.815691543642329862e+02
7.125000000000001332e-01 5.810204502042815875e+02
7.375000000000000444e-01 5.804711490046202016e+02
7.625000000000000666e-01 5.799212492545118494e+02
7.875000000000000888e-01 5.793707494352938738e+02
8.125000000000001110e-01 5.788196480203149576e+02
8.375000000000001332e-01 5.782679434748738458e+02
8.625000000000001554e-01 5.777156342561528390e+02
8.875000000000001776e-01 5.771627188131560615e+02
9.125000000000000888e-01 5.766091955866423859e+02
9.375000000000001110e-01 5.760550630090618824e+02
9.625000000000001332e-01 5.755003195044874928e+02
9.875000000000001554e-01 5.749449634885495470e+02
1.012500000000000178e+00 5.743889933683675508e+02
1.037500000000000089e+00 5.738324075424819739e+02
1.062500000000000222e+00 5.732752044007856966e+02
1.087500000000000133e+00 5.727173823244538653e+02
1.112500000000000266e+00 5.721589396858746568e+02
1.137500000000000178e+00 5.715998748485761780e+02
1.162500000000000089e+00 5.710401861671572306e+02
1.187500000000000222e+00 5.704798719872134143e+02
1.212500000000000133e+00 5.699189306452642541e+02
1.237500000000000266e+00 5.693573604686797580e+02
1.262500000000000178e+00 5.687951597756051569e+02
1.287500000000000311e+00 5.682323268748863256e+02
1.312500000000000222e+00 5.676688600659929307e+02
1.337500000000000133e+00 5.671047576389416918e+02
1.362500000000000266e+00 5.665400178742194157e+02
1.387500000000000178e+00 5.659746390427036431e+02
1.412500000000000311e+00 5.654086194055842043e+02
1.437500000000000222e+00 5.648419572142825018e+02
1.462500000000000133e+00 5.642746507103711338e+02
1.487500000000000266e+00 5.637066981254916982e+02
1.512500000000000178e+00 5.631380976812738481e+02
1.537500000000000311e+00 5.625688475892492306e+02
1.562500000000000222e+00 5.619989460507699732e+02
1.587500000000000355e+00 5.614283912569219410e+02
1.612500000000000266e+00 5.608571813884398125e+02
1.637500000000000178e+00 5.602853146156194271e+02
1.662500000000000311e+00 5.597127890982308145e+02
1.687500000000000222e+00 5.591396029854291783e+02
1.712500000000000355e+00 5.585657544156655376e+02
1.737500000000000266e+00 5.579912415165958919e+02
1.762500000000000400e+00 5.574160624049908392e+02
1.787500000000000311e+00 5.568402151866421264e+02
1.812500000000000222e+00 5.562636979562697661e+02
1.837500000000000355e+00 5.556865087974280186e+02
1.862500000000000266e+00 5.551086457824100080e+02
1.887500000000000400e+00 5.545301069721512022e+02
1.912500000000000311e+00 5.539508904161323244e+02
1.937500000000000222e+00 5.533709941522820372e+02
1.962500000000000355e+00 5.527904162068756477e+02
1.987500000000000266e+00 5.522091545944361997e+02
2.012500000000000622e+00 5.516272073176330650e+02
2.037500000000000533e+00 5.510445723671787164e+02
2.062500000000000444e+00 5.504612477217260675e+02
2.087500000000000799e+00 5.498772313477627449e+02
2.112500000000000711e+00 5.492925211995066093e+02
2.137500000000000622e+00 5.487071152187975258e+02
2.162500000000000533e+00 5.481210113349901576e+02
2.187500000000000444e+00 5.475342074648450534e+02
2.212500000000000799e+00 5.469467015124170075e+02
2.237500000000000711e+00 5.463584913689446694e+02
2.262500000000000622e+00 5.457695749127376530e+02
2.287500000000000533e+00 5.451799500090620541e+02
2.312500000000000444e+00 5.445896145100258536e+02
2.337500000000000799e+00 5.439985662544620482e+02
2.362500000000000711e+00 5.434068030678110972e+02
2.387500000000000622e+00 5.428143227620017797e+02
2.412500000000000533e+00 5.422211231353317089e+02
2.437500000000000444e+00 5.416272019723448921e+02
2.462500000000000799e+00 5.410325570437088345e+02
2.487500000000000711e+00 5.404371861060909623e+02
2.512500000000000622e+00 5.398410869020327709e+02
2.537500000000000533e+00 5.392442571598223822e+02
2.562500000000000888e+00 5.386466945933666466e+02
2.587500000000000799e+00 5.380483969020609720e+02
2.612500000000000711e+00 5.374493617706590385e+02
2.637500000000000622e+00 5.368495868691386477e+02
2.662500000000000533e+00 5.362490698525691641e+02
2.687500000000000888e+00 5.356478083609742953e+02
2.712500000000000799e+00 5.350458000191961219e+02
2.737500000000000711e+00 5.344430424367561727e+02
2.762500000000000622e+00 5.338395332077147941e+02
2.787500000000000533e+00 5.332352699105299507e+02
2.812500000000000888e+00 5.326302501079132981e+02
2.837500000000000799e+00 5.320244713466853455e+02
2.862500000000000711e+00 5.314179311576292548e+02
2.887500000000000622e+00 5.308106270553417971e+02
2.912500000000000533e+00 5.302025565380840817e+02
2.937500000000000888e+00 5.295937170876297841e+02
2.962500000000000799e+00 5.289841061691109871e+02
2.987500000000000711e+00 5.283737212308644757e+02
3.012500000000000622e+00 5.277625597042734853e+02
3.037500000000000977e+00 5.271506190036097905e+02
3.062500000000000888e+00 5.265378965258729522e+02
3.087500000000000799e+00 5.259243896506278588e+02
3.112500000000000711e+00 5.253100957398407900e+02
3.137500000000000622e+00 5.246950121377132064e+02
3.162500000000000977e+00 5.240791361705136069e+02
3.187500000000000888e+00 5.234624651464077942e+02
3.212500000000000799e+00 5.228449963552861846e+02
3.237500000000000711e+00 5.222267270685912308e+02
3.262500000000000622e+00 5.216076545391400714e+02
3.287500000000000977e+00 5.209877760009476333e+02
3.312500000000000888e+00 5.203670886690456427e+02
3.337500000000000799e+00 5.197455897393004989e+02
3.362500000000000711e+00 5.191232763882297832e+02
3.387500000000000622e+00 5.185001457728145624e+02
3.412500000000000977e+00 5.178761950303116919e+02
3.437500000000000888e+00 5.172514212780616845e+02
3.462500000000000799e+00 5.166258216132964662e+02
3.487500000000000711e+00 5.159993931129438351e+02
3.512500000000001066e+00 5.153721328334286227e+02
3.537500000000000977e+00 5.147440378104734009e+02
3.562500000000000888e+00 5.141151050588955513e+02
3.587500000000000799e+00 5.134853315724020604e+02
3.612500000000000711e+00 5.128547143233823817e+02
3.637500000000001066e+00 5.122232502626977748e+02
3.662500000000000977e+00 5.115909363194692787e+02
3.687500000000000888e+00 5.109577694008627304e+02
3.712500000000000799e+00 5.103237463918701451e+02
3.737500000000000711e+00 5.096888641550899024e+02
3.762500000000001066e+00 5.090531195305042047e+02
3.787500000000000977e+00 5.084165093352521012e+02
3.812500000000000888e+00 5.077790303634013753e+02
3.837500000000000799e+00 5.071406793857176467e+02
3.862500000000000711e+00 5.065014531494293237e+02
3.887500000000001066e+00 5.058613483779912485e+02
3.912500000000000977e+00 5.052203617708435104e+02
3.937500000000000888e+00 5.045784900031696907e+02
3.962500000000000799e+00 5.039357297256500487e+02
3.987500000000001155e+00 5.032920775642123203e+02
4.012500000000001066e+00 5.026475301197795034e+02
4.037500000000000533e+00 5.020020839680150857e+02
4.062500000000000888e+00 5.013557356590633276e+02
4.087500000000001243e+00 5.007084817172883504e+02
4.112500000000000711e+00 5.000603186410078820e+02
4.137500000000001066e+00 4.994112429022259789e+02
4.162500000000001421e+00 4.987612509463601782e+02
4.187500000000000888e+00 4.981103391919660339e+02
4.212500000000001243e+00 4.974585040304585277e+02
4.237500000000000711e+00 4.968057418258296138e+02
4.262500000000001066e+00 4.961520489143618420e+02
4.287500000000001421e+00 4.954974216043381716e+02
4.312500000000000888e+00 4.948418561757495127e+02
4.337500000000001243e+00 4.941853488799965817e+02
4.362500000000000711e+00 4.935278959395880634e+02
4.387500000000001066e+00 4.928694935478374646e+02
4.412500000000001421e+00 4.922101378685518398e+02
4.437500000000000888e+00 4.915498250357198344e+02
4.462500000000001243e+00 4.908885511531943848e+02
4.487500000000000711e+00 4.902263122943711551e+02
4.512500000000001066e+00 4.895631045018627674e+02
4.537500000000001421e+00 4.888989237871689397e+02
4.562500000000000888e+00 4.882337661303422465e+02
4.587500000000001243e+00 4.875676274796492180e+02
4.612500000000000711e+00 4.869005037512274612e+02
4.637500000000001066e+00 4.862323908287369818e+02
4.662500000000001421e+00 4.855632845630086649e+02
4.687500000000000888e+00 4.848931807716863318e+02
4.712500000000001243e+00 4.842220752388643064e+02
4.737500000000000711e+00 4.835499637147222529e+02
4.762500000000001066e+00 4.828768419151505213e+02
4.787500000000001421e+00 4.822027055213759468e+02
4.812500000000000888e+00 4.815275501795772470e+02
4.837500000000001243e+00 4.808513715004996811e+02
4.862500000000000711e+00 4.801741650590610107e+02
4.887500000000001066e+00 4.794959263939539937e+02
4.912500000000001421e+00 4.788166510072430242e+02
4.937500000000000888e+00 4.781363343639542336e+02
4.962500000000001243e+00 4.774549718916615575e+02
4.987500000000000711e+00 4.767725589800659804e+02
5.012500000000001066e+00 4.760890909805680735e+02
5.037500000000001421e+00 4.754045632058370074e+02
5.062500000000000888e+00 4.747189709293709825e+02
5.087500000000001243e+00 4.740323093850535088e+02
5.112500000000001599e+00 4.733445737667012736e+02
5.137500000000001066e+00 4.726557592276078026e+02
5.162500000000001421e+00 4.719658608800789921e+02
5.187500000000000888e+00 4.712748737949627298e+02
5.212500000000001243e+00 4.705827930011723765e+02
5.237500000000001599e+00 4.698896134852017212e+02
5.262500000000001066e+00 4.691953301906343654e+02
5.287500000000001421e+00 4.684999380176456611e+02
5.312500000000000888e+00 4.678034318224978847e+02
5.337500000000001243e+00 4.671058064170264288e+02
5.362500000000001599e+00 4.664070565681207654e+02
5.387500000000001066e+00 4.657071769971957451e+02
5.412500000000001421e+00 4.650061623796569279e+02
5.437500000000000888e+00 4.643040073443570463e+02
5.462500000000001243e+00 4.636007064730438856e+02
5.487500000000001599e+00 4.628962542998016261e+02
5.512500000000001066e+00 4.621906453104822958e+02
5.537500000000001421e+00 4.614838739421300602e+02
5.562500000000000888e+00 4.607759345823951662e+02
5.587500000000001243e+00 4.600668215689412364e+02
5.612500000000001599e+00 4.593565291888423303e+02
5.637500000000001066e+00 4.586450516779701729e+02
5.662500000000001421e+00 4.579323832203742768e+02
5.687500000000000888e+00 4.572185179476509234e+02
5.712500000000001243e+00 4.565034499383020830e+02
5.737500000000001599e+00 4.557871732170866039e+02
5.762500000000001066e+00 4.550696817543597490e+02
5.787500000000001421e+00 4.543509694654028976e+02
5.812500000000000888e+00 4.536310302097428462e+02
5.837500000000001243e+00 4.529098577904607055e+02
5.862500000000001599e+00 4.521874459534899415e+02
5.887500000000001066e+00 4.514637883869037864e+02
5.912500000000001421e+00 4.507388787201902574e+02
5.937500000000000888e+00 4.500127105235176828e+02
5.962500000000001243e+00 4.492852773069864725e+02
5.987500000000001599e+00 4.485565725198703717e+02
6.012500000000001066e+00 4.478265895498456075e+02
6.037500000000001421e+00 4.470953217222074727e+02
6.062500000000001776e+00 4.463627622990730970e+02
6.087500000000001243e+00 4.456289044785740998e+02
6.112500000000001599e+00 4.448937413940334977e+02
6.137500000000001066e+00 4.441572661131309019e+02
6.162500000000001421e+00 4.434194716370530500e+02
6.187500000000001776e+00 4.426803508996316623e+02
6.212500000000001243e+00 4.419398967664659494e+02
6.237500000000001599e+00 4.411981020340309101e+02
6.262500000000001066e+00 4.404549594287724403e+02
6.287500000000001421e+00 4.397104616061840829e+02
6.312500000000001776e+00 4.389646011498722373e+02
6.337500000000001243e+00 4.382173705706028386e+02
6.362500000000001599e+00 4.374687623053334278e+02
6.387500000000001066e+00 4.367187687162287375e+02
6.412500000000001421e+00 4.359673820896589973e+02
6.437500000000001776e+00 4.352145946351820385e+02
6.462500000000001243e+00 4.344603984845077775e+02
6.487500000000001599e+00 4.337047856904439982e+02
6.512500000000001066e+00 4.329477482258260466e+02
6.537500000000001421e+00 4.321892779824258355e+02
6.562500000000001776e+00 4.314293667698437957e+02
6.587500000000001243e+00 4.306680063143799089e+02
6.612500000000001599e+00 4.299051882578863228e+02
6.637500000000001066e+00 4.291409041565992766e+02
6.662500000000001421e+00 4.283751454799505041e+02
6.687500000000001776e+00 4.276079036093569812e+02
6.712500000000001243e+00 4.268391698369916298e+02
6.737500000000001599e+00 4.260689353645273627e+02
6.762500000000001066e+00 4.252971913018645864e+02
6.787500000000001421e+00 4.245239286658306810e+02
6.812500000000001776e+00 4.237491383788592429e+02
6.837500000000001243e+00 4.229728112676439764e+02
6.862500000000001599e+00 4.221949380617678571e+02
6.887500000000001954e+00 4.214155093923084792e+02
6.912500000000001421e+00 4.206345157904167422e+02
6.937500000000001776e+00 4.198519476858693906e+02
6.962500000000001243e+00 4.190677954055954615e+02
6.987500000000001599e+00 4.182820491721745384e+02
7.012500000000001954e+00 4.174946991023072087e+02
7.037500000000001421e+00 4.167057352052572696e+02
7.062500000000001776e+00 4.159151473812638642e+02
7.087500000000001243e+00 4.151229254199239449e+02
7.112500000000001599e+00 4.143290589985444967e+02
7.137500000000001954e+00 4.135335376804614498e+02
7.162500000000001421e+00 4.127363509133293746e+02
7.187500000000001776e+00 4.119374880273755366e+02
7.212500000000001243e+00 4.111369382336209810e+02
7.237500000000001599e+00 4.103346906220681376e+02
7.262500000000001954e+00 4.095307341598511357e+02
7.287500000000001421e+00 4.087250576893518428e+02
7.312500000000001776e+00 4.079176499262771358e+02
7.337500000000001243e+00 4.071084994576991676e+02
7.362500000000001599e+00 4.062975947400559562e+02
7.387500000000001954e+00 4.054849240971131508e+02
7.412500000000001421e+00 4.046704757178834484e+02
7.437500000000001776e+00 4.038542376545047432e+02
7.462500000000001243e+00 4.030361978200765520e+02
7.487500000000001599e+00 4.022163439864496013e+02
7.512500000000001954e+00 4.013946637819735201e+02
7.537500000000001421e+00 4.005711446891953642e+02
7.562500000000001776e+00 3.997457740425125507e+02
7.587500000000001243e+00 3.989185390257769086e+02
7.612500000000001599e+00 3.980894266698475690e+02
7.637500000000001954e+00 3.972584238500945730e+02
7.662500000000001421e+00 3.964255172838481940e+02
7.687500000000001776e+00 3.955906935277956791e+02
7.712500000000001243e+00 3.947539389753217165e+02
7.737500000000001599e+00 3.939152398537928548e+02
7.762500000000001954e+00 3.930745822217839418e+02
7.787500000000001421e+00 3.922319519662436846e+02
7.812500000000001776e+00 3.913873347995995005e+02
7.837500000000002132e+00 3.905407162568003514e+02
7.862500000000001599e+00 3.896920816922925610e+02
7.887500000000001954e+00 3.888414162769318523e+02
7.912500000000001421e+00 3.879887049948251274e+02
7.937500000000001776e+00 3.871339326401035805e+02
7.962500000000002132e+00 3.862770838136224825e+02
7.987500000000001599e+00 3.854181429195879218e+02
8.012500000000001066e+00 3.845570941621080578e+02
8.037500000000001421e+00 3.836939215416641673e+02
8.062500000000000000e+00 3.828286088515038159e+02
8.087500000000000355e+00 3.819611396739498446e+02
8.112500000000000711e+00 3.810914973766246590e+02
8.137500000000001066e+00 3.802196651085881740e+02
8.162500000000001421e+00 3.793456257963850931e+02
8.187500000000000000e+00 3.784693621399998733e+02
8.212500000000000355e+00 3.775908566087170470e+02
8.237500000000000711e+00 3.767100914368835447e+02
8.262500000000001066e+00 3.758270486195704052e+02
8.287500000000001421e+00 3.749417099081313154e+02
8.312500000000001776e+00 3.740540568056539428e+02
8.337500000000000355e+00 3.731640705623021859e+02
8.362500000000000711e+00 3.722717321705447375e+02
8.387500000000001066e+00 3.713770223602681426e+02
8.412500000000001421e+00 3.704799215937694044e+02
8.437500000000001776e+00 3.695804100606253542e+02
8.462500000000000355e+00 3.686784676724344649e+02
8.487500000000000711e+00 3.677740740574281517e+02
8.512500000000001066e+00 3.668672085549465578e+02
8.537500000000001421e+00 3.659578502097761543e+02
8.562500000000001776e+00 3.650459777663410819e+02
8.587500000000000355e+00 3.641315696627498255e+02
8.612500000000000711e+00 3.632146040246868210e+02
8.637500000000001066e+00 3.622950586591475712e+02
8.662500000000001421e+00 3.613729110480113036e+02
8.687500000000001776e+00 3.604481383414453148e+02
8.712500000000000355e+00 3.595207173511371366e+02
8.737500000000000711e+00 3.585906245433472463e+02
8.762500000000001066e+00 3.576578360317782312e+02
8.787500000000001421e+00 3.567223275702531851e+02
8.812500000000001776e+00 3.557840745451971998e+02
8.837500000000000355e+00 3.548430519679159829e+02
8.862500000000000711e+00 3.538992344666648364e+02
8.887500000000001066e+00 3.529525962785004936e+02
8.912500000000001421e+00 3.520031112409089928e+02
8.937500000000001776e+00 3.510507527832017445e+02
8.962500000000000355e+00 3.500954939176716607e+02
8.987500000000000711e+00 3.491373072305028700e+02
9.012500000000001066e+00 3.481761648724222482e+02
9.037500000000001421e+00 3.472120385490875378e+02
9.062500000000001776e+00 3.462448995112002876e+02
9.087500000000000355e+00 3.452747185443346325e+02
9.112500000000000711e+00 3.443014659584728179e+02
9.137500000000001066e+00 3.433251115772359299e+02
9.162500000000001421e+00 3.423456247267997696e+02
9.187500000000001776e+00 3.413629742244831391e+02
9.212500000000000355e+00 3.403771283669995000e+02
9.237500000000000711e+00 3.393880549183566018e+02
9.262500000000001066e+00 3.383957210973929364e+02
9.287500000000001421e+00 3.374000935649378903e+02
9.312500000000001776e+00 3.364011384105808702e+02
9.337500000000000355e+00 3.353988211390341121e+02
9.362500000000000711e+00 3.343931066560768386e+02
9.387500000000001066e+00 3.333839592540603576e+02
9.412500000000001421e+00 3.323713425969624495e+02
9.437500000000001776e+00 3.313552197049696701e+02
9.462500000000000355e+00 3.303355529385714249e+02
9.487500000000000711e+00 3.293123039821465454e+02
9.512500000000001066e+00 3.282854338270221319e+02
9.537500000000001421e+00 3.272549027539846520e+02
9.562500000000001776e+00 3.262206703152197065e+02
9.587500000000000355e+00 3.251826953156605668e+02
9.612500000000000711e+00 3.241409357937186542e+02
9.637500000000001066e+00 3.230953490013739611e+02
9.662500000000001421e+00 3.220458913835954036e+02
9.687500000000001776e+00 3.209925185570678536e+02
9.712500000000000355e+00 3.199351852881941909e+02
9.737500000000000711e+00 3.188738454703426441e+02
9.762500000000001066e+00 3.178084521003091822e+02
9.787500000000001421e+00 3.167389572539597680e+02
9.812500000000001776e+00 3.156653120610178007e+02
9.837500000000000355e+00 3.145874666789620733e+02
9.862500000000000711e+00 3.135053702659934061e+02
9.887500000000001066e+00 3.124189709530324421e+02
9.912500000000001421e+00 3.113282158147032987e+02
9.937500000000001776e+00 3.102330508392602155e+02
9.962500000000000355e+00 3.091334208974083140e+02
9.987500000000000711e+00 3.080292697099696966e+02
1.001250000000000107e+01 3.069205398143428738e+02
1.003750000000000142e+01 3.058071725296972545e+02
1.006250000000000178e+01 3.046891079208489828e+02
1.008750000000000213e+01 3.035662847607520689e+02
1.011250000000000071e+01 3.024386404915443904e+02
1.013750000000000107e+01 3.013061111840740978e+02
1.016250000000000142e+01 3.001686314958416233e+02
1.018750000000000178e+01 2.990261346272735636e+02
1.021250000000000213e+01 2.978785522762517530e+02
1.023750000000000071e+01 2.967258145908119786e+02
1.026250000000000107e+01 2.955678501199183188e+02
1.028750000000000142e+01 2.944045857622226094e+02
1.031250000000000178e+01 2.932359467127017751e+02
1.033750000000000213e+01 2.920618564070700245e+02
1.036250000000000071e+01 2.908822364638495515e+02
1.038750000000000107e+01 2.896970066239782682e+02
1.041250000000000142e+01 2.885060846878281495e+02
1.043750000000000178e+01 2.873093864494953209e+02
1.046250000000000213e+01 2.861068256282185871e+02
1.048750000000000071e+01 2.848983137967711627e+02
1.051250000000000107e+01 2.836837603066620090e+02
1.053750000000000142e+01 2.824630722099720970e+02
1.056250000000000178e+01 2.812361541776389231e+02
1.058750000000000213e+01 2.800029084139924862e+02
1.061250000000000071e+01 2.787632345673285954e+02
1.063750000000000107e+01 2.775170296362978775e+02
1.066250000000000142e+01 2.762641878718644648e+02
1.068750000000000178e+01 2.750046006745822069e+02
1.071250000000000213e+01 2.737381564869080535e+02
1.073750000000000071e+01 2.724647406802620822e+02
1.076250000000000107e+01 2.711842354365160759e+02
1.078750000000000142e+01 2.698965196235748181e+02
1.081250000000000178e+01 2.686014686646846030e+02
1.083750000000000213e+01 2.672989544010845862e+02
1.086250000000000071e+01 2.659888449475782295e+02
1.088750000000000107e+01 2.646710045405798724e+02
1.091250000000000142e+01 2.633452933781527463e+02
1.093750000000000178e+01 2.620115674515166688e+02
1.096250000000000213e+01 2.606696783674686344e+02
1.098750000000000071e+01 2.593194731611102384e+02
1.101250000000000107e+01 2.579607940982308492e+02
1.103750000000000142e+01 2.565934784666446831e+02
1.106250000000000178e+01 2.552173583557166694e+02
1.108750000000000213e+01 2.538322604232584752e+02
1.111250000000000071e+01 2.524380056488986384e+02
1.113750000000000107e+01 2.510344090729619779e+02
1.116250000000000142e+01 2.496212795198083256e+02
1.118750000000000178e+01 2.481984193044886240e+02
1.121250000000000213e+01 2.467656239214790901e+02
1.123750000000000071e+01 2.453226817141432434e+02
1.126250000000000107e+01 2.438693735234476492e+02
1.128750000000000142e+01 2.424054723143269428e+02
1.131250000000000178e+01 2.409307427779412194e+02
1.133750000000000213e+01 2.394449409079065845e+02
1.136250000000000071e+01 2.379478135483955725e+02
1.138750000000000107e+01 2.364390979118014400e+02
1.141250000000000142e+01 2.349185210634349517e+02
1.143750000000000178e+01 2.333857993704680780e+02
1.146250000000000213e+01 2.318406379120612257e+02
1.148750000000000071e+01 2.302827298472917619e+02
1.151250000000000107e+01 2.287117557371529415e+02
1.153750000000000142e+01 2.271273828164970610e+02
1.156250000000000178e+01 2.255292642113474813e+02
1.158750000000000213e+01 2.239170380965117602e+02
1.161250000000000071e+01 2.222903267878567704e+02
1.163750000000000107e+01 2.206487357629729615e+02
1.166250000000000142e+01 2.189918526032329567e+02
1.168750000000000178e+01 2.173192458494254993e+02
1.171250000000000213e+01 2.156304637622191365e+02
1.173750000000000071e+01 2.139250329776432693e+02
1.176250000000000107e+01 2.122024570465609941e+02
1.178750000000000142e+01 2.104622148457193020e+02
1.181250000000000178e+01 2.087037588463627742e+02
1.183750000000000213e+01 2.069265132245614041e+02
1.186250000000000071e+01 2.051298717952834068e+02
1.188750000000000107e+01 2.033131957497868143e+02
1.191250000000000142e+01 2.014758111730605492e+02
1.193750000000000178e+01 1.996170063147252733e+02
1.196250000000000213e+01 1.977360285829378199e+02
1.198750000000000249e+01 1.958320812263079347e+02
1.201250000000000107e+01 1.939043196635046229e+02
1.203750000000000142e+01 1.919518474139472630e+02
1.206250000000000178e+01 1.899737115755325476e+02
1.208750000000000213e+01 1.879688977865060338e+02
1.211250000000000249e+01 1.859363245980353270e+02
1.213750000000000107e+01 1.838748371714001451e+02
1.216250000000000142e+01 1.817832001984954218e+02
1.218750000000000178e+01 1.796600899259503592e+02
1.221250000000000213e+01 1.775040851408063816e+02
1.223750000000000249e+01 1.753136569484008476e+02
1.226250000000000107e+01 1.730871571395786646e+02
1.228750000000000142e+01 1.708228049029506792e+02
1.231250000000000178e+01 1.685186715864867892e+02
1.233750000000000213e+01 1.661726631484024779e+02
1.236250000000000249e+01 1.637824998563269219e+02
1.238750000000000107e+01 1.613456926910483844e+02
1.241250000000000142e+01 1.588595157799029494e+02
1.243750000000000178e+01 1.563209740157988961e+02
1.246250000000000213e+01 1.537267647980791878e+02
1.248750000000000249e+01 1.510732325430511480e+02
1.251250000000000107e+01 1.483563142297478805e+02
1.253750000000000142e+01 1.455714737342266005e+02
1.256250000000000178e+01 1.427136220110670877e+02
1.258750000000000213e+01 1.397770192266212064e+02
1.261250000000000249e+01 1.367551536196343420e+02
1.263750000000000107e+01 1.336405899853849348e+02
1.266250000000000142e+01 1.304247779764673965e+02
1.268750000000000178e+01 1.270978064533886283e+02
1.271250000000000213e+01 1.236480841965698545e+02
1.273750000000000249e+01 1.200619182316254978e+02
1.276250000000000107e+01 1.163229467982179131e+02
1.278750000000000142e+01 1.124113610100958169e+02
1.281250000000000178e+01 1.083028108602417205e+02
1.283750000000000213e+01 1.039668245859808167e+02
1.286250000000000249e+01 9.936444946639105069e+01
1.288750000000000107e+01 9.444459072133111022e+01
1.291250000000000142e+01 8.913805334656228752e+01
1.293750000000000178e+01 8.334725124153118259e+01
1.296250000000000213e+01 7.692701410079313007e+01
1.298750000000000249e+01 6.964488911890740042e+01
