# t[Gyr], sigma_W[km/s]
1.250000000000000069e-02 2.599067997703617650e+01
3.750000000000000555e-02 2.597202320205971660e+01
6.250000000000001388e-02 2.595334406374866631e+01
8.750000000000000833e-02 2.593464249227274010e+01
1.125000000000000167e-01 2.591591841744875069e+01
1.375000000000000389e-01 2.589717176873812932e+01
1.625000000000000333e-01 2.587840247524443527e+01
1.875000000000000555e-01 2.585961046571085475e+01
2.125000000000000500e-01 2.584079566851766785e+01
2.375000000000000444e-01 2.582195801167967630e+01
2.625000000000000666e-01 2.580309742284363139e+01
2.875000000000000888e-01 2.578421382928562977e+01
3.125000000000000555e-01 2.576530715790849158e+01
3.375000000000000777e-01 2.574637733523909233e+01
3.625000000000000999e-01 2.572742428742571263e+01
3.875000000000000666e-01 2.570844794023532032e+01
4.125000000000000888e-01 2.568944821905084552e+01
4.375000000000001110e-01 2.567042504886844512e+01
4.625000000000000777e-01 2.565137835429472091e+01
4.875000000000000999e-01 2.563230805954390945e+01
5.125000000000000666e-01 2.561321408843508607e+01
5.375000000000000888e-01 2.559409636438928004e+01
5.625000000000001110e-01 2.557495481042661467e+01
5.875000000000000222e-01 2.555578934916340472e+01
6.125000000000000444e-01 2.553659990280921832e+01
6.375000000000000666e-01 2.551738639316392110e+01
6.625000000000000888e-01 2.549814874161469547e+01
6.875000000000001110e-01 2.547888686913300305e+01
7.125000000000001332e-01 2.545960069627159328e+01
7.375000000000000444e-01 2.544029014316137349e+01
7.625000000000000666e-01 2.542095512950835712e+01
7.875000000000000888e-01 2.540159557459050177e+01
8.125000000000001110e-01 2.538221139725457576e+01
8.375000000000001332e-01 2.536280251591296775e+01
8.625000000000001554e-01 2.534336884854044669e+01
8.875000000000001776e-01 2.532391031267094306e+01
9.125000000000000888e-01 2.530442682539425192e+01
9.375000000000001110e-01 2.528491830335273605e+01
9.625000000000001332e-01 2.526538466273796146e+01
9.875000000000001554e-01 2.524582581928735792e+01
1.012500000000000178e+00 2.522624168828078339e+01
1.037500000000000089e+00 2.520663218453710286e+01
1.062500000000000222e+00 2.518699722241070660e+01
1.087500000000000133e+00 2.516733671578801790e+01
1.112500000000000266e+00 2.514765057808394388e+01
1.137500000000000178e+00 2.512793872223829794e+01
1.162500000000000089e+00 2.510820106071221147e+01
1.187500000000000222e+00 2.508843750548448170e+01
1.212500000000000133e+00 2.506864796804787687e+01
1.237500000000000266e+00 2.504883235940545916e+01
1.262500000000000178e+00 2.502899059006679749e+01
1.287500000000000311e+00 2.500912257004420525e+01
1.312500000000000222e+00 2.498922820884891038e+01
1.337500000000000133e+00 2.496930741548718302e+01
1.362500000000000266e+00 2.494936009845645231e+01
1.387500000000000178e+00 2.492938616574136645e+01
1.412500000000000311e+00 2.490938552480979951e+01
1.437500000000000222e+00 2.488935808260885096e+01
1.462500000000000133e+00 2.486930374556078505e+01
1.487500000000000266e+00 2.484922241955892730e+01
1.512500000000000178e+00 2.482911400996355766e+01
1.537500000000000311e+00 2.480897842159767208e+01
1.562500000000000222e+00 2.478881555874281872e+01
1.587500000000000355e+00 2.476862532513481341e+01
1.612500000000000266e+00 2.474840762395942662e+01
1.637500000000000178e+00 2.472816235784803851e+01
1.662500000000000311e+00 2.470788942887325135e+01
1.687500000000000222e+00 2.468758873854444857e+01
1.712500000000000355e+00 2.466726018780331486e+01
1.737500000000000266e+00 2.464690367701928153e+01
1.762500000000000400e+00 2.462651910598500393e+01
1.787500000000000311e+00 2.460610637391168609e+01
1.812500000000000222e+00 2.458566537942444441e+01
1.837500000000000355e+00 2.456519602055756835e+01
1.862500000000000266e+00 2.454469819474978109e+01
1.887500000000000400e+00 2.452417179883940435e+01
1.912500000000000311e+00 2.450361672905950172e+01
1.937500000000000222e+00 2.448303288103296182e+01
1.962500000000000355e+00 2.446242014976753154e+01
1.987500000000000266e+00 2.444177842965079606e+01
2.012500000000000622e+00 2.442110761444511979e+01
2.037500000000000533e+00 2.440040759728251629e+01
2.062500000000000444e+00 2.437967827065946125e+01
2.087500000000000799e+00 2.435891952643167713e+01
2.112500000000000711e+00 2.433813125580885028e+01
2.137500000000000622e+00 2.431731334934926281e+01
2.162500000000000533e+00 2.429646569695442437e+01
2.187500000000000444e+00 2.427558818786360462e+01
2.212500000000000799e+00 2.425468071064831577e+01
2.237500000000000711e+00 2.423374315320673489e+01
2.262500000000000622e+00 2.421277540275809415e+01
2.287500000000000533e+00 2.419177734583697870e+01
2.312500000000000444e+00 2.417074886828755709e+01
2.337500000000000799e+00 2.414968985525779033e+01
2.362500000000000711e+00 2.412860019119353794e+01
2.387500000000000622e+00 2.410747975983263203e+01
2.412500000000000533e+00 2.408632844419885544e+01
2.437500000000000444e+00 2.406514612659589147e+01
2.462500000000000799e+00 2.404393268860116706e+01
2.487500000000000711e+00 2.402268801105966034e+01
2.512500000000000622e+00 2.400141197407763372e+01
2.537500000000000533e+00 2.398010445701628157e+01
2.562500000000000888e+00 2.395876533848533896e+01
2.587500000000000799e+00 2.393739449633658012e+01
2.612500000000000711e+00 2.391599180765728860e+01
2.637500000000000622e+00 2.389455714876362080e+01
2.662500000000000533e+00 2.387309039519391618e+01
2.687500000000000888e+00 2.385159142170191870e+01
2.712500000000000799e+00 2.383006010224993076e+01
2.737500000000000711e+00 2.380849631000190314e+01
2.762500000000000622e+00 2.378689991731641840e+01
2.787500000000000533e+00 2.376527079573962453e+01
2.812500000000000888e+00 2.374360881599806206e+01
2.837500000000000799e+00 2.372191384799143776e+01
2.862500000000000711e+00 2.370018576078530259e+01
2.887500000000000622e+00 2.367842442260364066e+01
2.912500000000000533e+00 2.365662970082137662e+01
2.937500000000000888e+00 2.363480146195683318e+01
2.962500000000000799e+00 2.361293957166402535e+01
2.987500000000000711e+00 2.359104389472495100e+01
3.012500000000000622e+00 2.356911429504173938e+01
3.037500000000000977e+00 2.354715063562871791e+01
3.062500000000000888e+00 2.352515277860441856e+01
3.087500000000000799e+00 2.350312058518343505e+01
3.112500000000000711e+00 2.348105391566825517e+01
3.137500000000000622e+00 2.345895262944092963e+01
3.162500000000000977e+00 2.343681658495469833e+01
3.187500000000000888e+00 2.341464563972548518e+01
3.212500000000000799e+00 2.339243965032330053e+01
3.237500000000000711e+00 2.337019847236357251e+01
3.262500000000000622e+00 2.334792196049831503e+01
3.287500000000000977e+00 2.332560996840726730e+01
3.312500000000000888e+00 2.330326234878885217e+01
3.337500000000000799e+00 2.328087895335108470e+01
3.362500000000000711e+00 2.325845963280234940e+01
3.387500000000000622e+00 2.323600423684207428e+01
3.412500000000000977e+00 2.321351261415128420e+01
3.437500000000000888e+00 2.319098461238304054e+01
3.462500000000000799e+00 2.316842007815279203e+01
3.487500000000000711e+00 2.314581885702857633e+01
3.512500000000001066e+00 2.312318079352111511e+01
3.537500000000000977e+00 2.310050573107379890e+01
3.562500000000000888e+00 2.307779351205253704e+01
3.587500000000000799e+00 2.305504397773549741e+01
3.612500000000000711e+00 2.303225696830270763e+01
3.637500000000001066e+00 2.300943232282553552e+01
3.662500000000000977e+00 2.298656987925604156e+01
3.687500000000000888e+00 2.296366947441620709e+01
3.712500000000000799e+00 2.294073094398700619e+01
3.737500000000000711e+00 2.291775412249736732e+01
3.762500000000001066e+00 2.289473884331299658e+01
3.787500000000000977e+00 2.287168493862504448e+01
3.812500000000000888e+00 2.284859223943864848e+01
3.837500000000000799e+00 2.282546057556131203e+01
3.862500000000000711e+00 2.280228977559118064e+01
3.887500000000001066e+00 2.277907966690511188e+01
3.912500000000000977e+00 2.275583007564664229e+01
3.937500000000000888e+00 2.273254082671378740e+01
3.962500000000000799e+00 2.270921174374667473e+01
3.987500000000001155e+00 2.268584264911503467e+01
4.012500000000001066e+00 2.266243336390553864e+01
4.037500000000000533e+00 2.263898370790895243e+01
4.062500000000000888e+00 2.261549349960714395e+01
4.087500000000001243e+00 2.259196255615991689e+01
4.112500000000000711e+00 2.256839069339167736e+01
4.137500000000001066e+00 2.254477772577792294e+01
4.162500000000001421e+00 2.252112346643157181e+01
4.187500000000000888e+00 2.249742772708909300e+01
4.212500000000001243e+00 2.247369031809646955e+01
4.237500000000000711e+00 2.244991104839498774e+01
4.262500000000001066e+00 2.242608972550680946e+01
4.287500000000001421e+00 2.240222615552039187e+01
4.312500000000000888e+00 2.237832014307568684e+01
4.337500000000001243e+00 2.235437149134916623e+01
4.362500000000000711e+00 2.233038000203862339e+01
4.387500000000001066e+00 2.230634547534780765e+01
4.412500000000001421e+00 2.228226770997081729e+01
4.437500000000000888e+00 2.225814650307631481e+01
4.462500000000001243e+00 2.223398165029150420e+01
4.487500000000000711e+00 2.220977294568592697e+01
4.512500000000001066e+00 2.218552018175499896e+01
4.537500000000001421e+00 2.216122314940335869e+01
4.562500000000000888e+00 2.213688163792797070e+01
4.587500000000001243e+00 2.211249543500100145e+01
4.612500000000000711e+00 2.208806432665248565e+01
4.637500000000001066e+00 2.206358809725270831e+01
4.662500000000001421e+00 2.203906652949439859e+01
4.687500000000000888e+00 2.201449940437462871e+01
4.712500000000001243e+00 2.198988650117649968e+01
4.737500000000000711e+00 2.196522759745058906e+01
4.762500000000001066e+00 2.194052246899605052e+01
4.787500000000001421e+00 2.191577088984158195e+01
4.812500000000000888e+00 2.189097263222600986e+01
4.837500000000001243e+00 2.186612746657867845e+01
4.862500000000000711e+00 2.184123516149953304e+01
4.887500000000001066e+00 2.181629548373891936e+01
4.912500000000001421e+00 2.179130819817711995e+01
4.937500000000000888e+00 2.176627306780356008e+01
4.962500000000001243e+00 2.174118985369577217e+01
4.987500000000000711e+00 2.171605831499802619e+01
5.012500000000001066e+00 2.169087820889963325e+01
5.037500000000001421e+00 2.166564929061300049e+01
5.062500000000000888e+00 2.164037131335132003e+01
5.087500000000001243e+00 2.161504402830594529e+01
5.112500000000001599e+00 2.158966718462345824e+01
5.137500000000001066e+00 2.156424052938237423e+01
5.162500000000001421e+00 2.153876380756953424e+01
5.187500000000000888e+00 2.151323676205613822e+01
5.212500000000001243e+00 2.148765913357343038e+01
5.237500000000001599e+00 2.146203066068803267e+01
5.262500000000001066e+00 2.143635107977689103e+01
5.287500000000001421e+00 2.141062012500188416e+01
5.312500000000000888e+00 2.138483752828404150e+01
5.337500000000001243e+00 2.135900301927734901e+01
5.362500000000001599e+00 2.133311632534222113e+01
5.387500000000001066e+00 2.130717717151851431e+01
5.412500000000001421e+00 2.128118528049818536e+01
5.437500000000000888e+00 2.125514037259750566e+01
5.462500000000001243e+00 2.122904216572885261e+01
5.487500000000001599e+00 2.120289037537210319e+01
5.512500000000001066e+00 2.117668471454555501e+01
5.537500000000001421e+00 2.115042489377643165e+01
5.562500000000000888e+00 2.112411062107090842e+01
5.587500000000001243e+00 2.109774160188370473e+01
5.612500000000001599e+00 2.107131753908719674e+01
5.637500000000001066e+00 2.104483813294002204e+01
5.662500000000001421e+00 2.101830308105525447e+01
5.687500000000000888e+00 2.099171207836802822e+01
5.712500000000001243e+00 2.096506481710267877e+01
5.737500000000001599e+00 2.093836098673937229e+01
5.762500000000001066e+00 2.091160027398020205e+01
5.787500000000001421e+00 2.088478236271474486e+01
5.812500000000000888e+00 2.085790693398507401e+01
5.837500000000001243e+00 2.083097366595021427e+01
5.862500000000001599e+00 2.080398223385003575e+01
5.887500000000001066e+00 2.077693230996856144e+01
5.912500000000001421e+00 2.074982356359668501e+01
5.937500000000000888e+00 2.072265566099428469e+01
5.962500000000001243e+00 2.069542826535173674e+01
5.987500000000001599e+00 2.066814103675077519e+01
6.012500000000001066e+00 2.064079363212474405e+01
6.037500000000001421e+00 2.061338570521818880e+01
6.062500000000001776e+00 2.058591690654575146e+01
6.087500000000001243e+00 2.055838688335045461e+01
6.112500000000001599e+00 2.053079527956123229e+01
6.137500000000001066e+00 2.050314173574978227e+01
6.162500000000001421e+00 2.047542588908669003e+01
6.187500000000001776e+00 2.044764737329685289e+01
6.212500000000001243e+00 2.041980581861408339e+01
6.237500000000001599e+00 2.039190085173502709e+01
6.262500000000001066e+00 2.036393209577225605e+01
6.287500000000001421e+00 2.033589917020655591e+01
6.312500000000001776e+00 2.030780169083845266e+01
6.337500000000001243e+00 2.027963926973884057e+01
6.362500000000001599e+00 2.025141151519882854e+01
6.387500000000001066e+00 2.022311803167868050e+01
6.412500000000001421e+00 2.019475841975587471e+01
6.437500000000001776e+00 2.016633227607228207e+01
6.462500000000001243e+00 2.013783919328042060e+01
6.487500000000001599e+00 2.010927875998874015e+01
6.512500000000001066e+00 2.008065056070599042e+01
6.537500000000001421e+00 2.005195417578456940e+01
6.562500000000001776e+00 2.002318918136290549e+01
6.587500000000001243e+00 1.999435514930677371e+01
6.612500000000001599e+00 1.996545164714961018e+01
6.637500000000001066e+00 1.993647823803172159e+01
6.662500000000001421e+00 1.990743448063843601e+01
6.687500000000001776e+00 1.987831992913709911e+01
6.712500000000001243e+00 1.984913413311297958e+01
6.737500000000001599e+00 1.981987663750393480e+01
6.762500000000001066e+00 1.979054698253398215e+01
6.787500000000001421e+00 1.976114470364556652e+01
6.812500000000001776e+00 1.973166933143062352e+01
6.837500000000001243e+00 1.970212039156038131e+01
6.862500000000001599e+00 1.967249740471379837e+01
6.887500000000001954e+00 1.964279988650475772e+01
6.912500000000001421e+00 1.961302734740782583e+01
6.937500000000001776e+00 1.958317929268266155e+01
6.962500000000001243e+00 1.955325522229696844e+01
6.987500000000001599e+00 1.952325463084803303e+01
7.012500000000001954e+00 1.949317700748271065e+01
7.037500000000001421e+00 1.946302183581595457e+01
7.062500000000001776e+00 1.943278859384771096e+01
7.087500000000001243e+00 1.940247675387830029e+01
7.112500000000001599e+00 1.937208578242207579e+01
7.137500000000001954e+00 1.934161514011945471e+01
7.162500000000001421e+00 1.931106428164725131e+01
7.187500000000001776e+00 1.928043265562721942e+01
7.212500000000001243e+00 1.924971970453280079e+01
7.237500000000001599e+00 1.921892486459406513e+01
7.262500000000001954e+00 1.918804756570073522e+01
7.287500000000001421e+00 1.915708723130329005e+01
7.312500000000001776e+00 1.912604327831210682e+01
7.337500000000001243e+00 1.909491511699456012e+01
7.362500000000001599e+00 1.906370215087004283e+01
7.387500000000001954e+00 1.903240377660289440e+01
7.412500000000001421e+00 1.900101938389309808e+01
7.437500000000001776e+00 1.896954835536480033e+01
7.462500000000001243e+00 1.893799006645250671e+01
7.487500000000001599e+00 1.890634388528494725e+01
7.512500000000001954e+00 1.887460917256654014e+01
7.537500000000001421e+00 1.884278528145636145e+01
7.562500000000001776e+00 1.881087155744463146e+01
7.587500000000001243e+00 1.877886733822658627e+01
7.612500000000001599e+00 1.874677195357367765e+01
7.637500000000001954e+00 1.871458472520207650e+01
7.662500000000001421e+00 1.868230496663834472e+01
7.687500000000001776e+00 1.864993198308227207e+01
7.712500000000001243e+00 1.861746507126672512e+01
7.737500000000001599e+00 1.858490351931451912e+01
7.762500000000001954e+00 1.855224660659216340e+01
7.787500000000001421e+00 1.851949360356041296e+01
7.812500000000001776e+00 1.848664377162156924e+01
7.837500000000002132e+00 1.845369636296342009e+01
7.862500000000001599e+00 1.842065062039972290e+01
7.887500000000001954e+00 1.838750577720717061e+01
7.912500000000001421e+00 1.835426105695868770e+01
7.937500000000001776e+00 1.832091567335302784e+01
7.962500000000002132e+00 1.828746883004050261e+01
7.987500000000001599e+00 1.825391972044478450e+01
8.012500000000001066e+00 1.822026752758067047e+01
8.037500000000001421e+00 1.818651142386763553e+01
8.062500000000000000e+00 1.815265057093917633e+01
8.087500000000000355e+00 1.811868411944767487e+01
8.112500000000000711e+00 1.808461120886479279e+01
8.137500000000001066e+00 1.805043096727720098e+01
8.162500000000001421e+00 1.801614251117750953e+01
8.187500000000000000e+00 1.798174494525028067e+01
8.212500000000000355e+00 1.794723736215298970e+01
8.237500000000000711e+00 1.791261884229174939e+01
8.262500000000001066e+00 1.787788845359170153e+01
8.287500000000001421e+00 1.784304525126185581e+01
8.312500000000001776e+00 1.780808827755429036e+01
8.337500000000000355e+00 1.777301656151745135e+01
8.362500000000000711e+00 1.773782911874346269e+01
8.387500000000001066e+00 1.770252495110923263e+01
8.412500000000001421e+00 1.766710304651116559e+01
8.437500000000001776e+00 1.763156237859326936e+01
8.462500000000000355e+00 1.759590190646852648e+01
8.487500000000000711e+00 1.756012057443322050e+01
8.512500000000001066e+00 1.752421731167411423e+01
8.537500000000001421e+00 1.748819103196818148e+01
8.562500000000001776e+00 1.745204063337465072e+01
8.587500000000000355e+00 1.741576499791922217e+01
8.612500000000000711e+00 1.737936299127006023e+01
8.637500000000001066e+00 1.734283346240547274e+01
8.662500000000001421e+00 1.730617524327286816e+01
8.687500000000001776e+00 1.726938714843878842e+01
8.712500000000000355e+00 1.723246797472971892e+01
8.737500000000000711e+00 1.719541650086335238e+01
8.762500000000001066e+00 1.715823148707006141e+01
8.787500000000001421e+00 1.712091167470417474e+01
8.812500000000001776e+00 1.708345578584478019e+01
8.837500000000000355e+00 1.704586252288569526e+01
8.862500000000000711e+00 1.700813056811423252e+01
8.887500000000001066e+00 1.697025858327842229e+01
8.912500000000001421e+00 1.693224520914224840e+01
8.937500000000001776e+00 1.689408906502854180e+01
8.962500000000000355e+00 1.685578874834908092e+01
8.987500000000000711e+00 1.681734283412147946e+01
9.012500000000001066e+00 1.677874987447241040e+01
9.037500000000001421e+00 1.674000839812666186e+01
9.062500000000001776e+00 1.670111690988156639e+01
9.087500000000000355e+00 1.666207389006627437e+01
9.112500000000000711e+00 1.662287779398532805e+01
9.137500000000001066e+00 1.658352705134601734e+01
9.162500000000001421e+00 1.654402006566888161e+01
9.187500000000001776e+00 1.650435521368077829e+01
9.212500000000000355e+00 1.646453084468992856e+01
9.237500000000000711e+00 1.642454527994218694e+01
9.262500000000001066e+00 1.638439681195795572e+01
9.287500000000001421e+00 1.634408370384893061e+01
9.312500000000001776e+00 1.630360418861401683e+01
9.337500000000000355e+00 1.626295646841357367e+01
9.362500000000000711e+00 1.622213871382118100e+01
9.387500000000001066e+00 1.618114906305211775e+01
9.412500000000001421e+00 1.613998562116760382e+01
9.437500000000001776e+00 1.609864645925393134e+01
9.462500000000000355e+00 1.605712961357546220e+01
9.487500000000000711e+00 1.601543308470051130e+01
9.512500000000001066e+00 1.597355483659902831e+01
9.537500000000001421e+00 1.593149279571100152e+01
9.562500000000001776e+00 1.588924484998434750e+01
9.587500000000000355e+00 1.584680884788115129e+01
9.612500000000000711e+00 1.580418259735091091e+01
9.637500000000001066e+00 1.576136386476948203e+01
9.662500000000001421e+00 1.571835037384231448e+01
9.687500000000001776e+00 1.567513980447047928e+01
9.712500000000000355e+00 1.563172979157798892e+01
9.737500000000000711e+00 1.558811792389874284e+01
9.762500000000001066e+00 1.554430174272144960e+01
9.787500000000001421e+00 1.550027874059067656e+01
9.812500000000001776e+00 1.545604635996217624e+01
9.837500000000000355e+00 1.541160199181057777e+01
9.862500000000000711e+00 1.536694297418724275e+01
9.887500000000001066e+00 1.532206659072623722e+01
9.912500000000001421e+00 1.527697006909603061e+01
9.937500000000001776e+00 1.523165057939456979e+01
9.962500000000000355e+00 1.518610523248514355e+01
9.987500000000000711e+00 1.514033107827038727e+01
1.001250000000000107e+01 1.509432510390161930e+01
1.003750000000000142e+01 1.504808423192048039e+01
1.006250000000000178e+01 1.500160531832981547e+01
1.008750000000000213e+01 1.495488515059042633e+01
1.011250000000000071e+01 1.490792044554026674e+01
1.013750000000000107e+01 1.486070784723229465e+01
1.016250000000000142e+01 1.481324392468724938e+01
1.018750000000000178e+01 1.476552516955704597e+01
1.021250000000000213e+01 1.471754799369457167e+01
1.023750000000000071e+01 1.466930872662526575e+01
1.026250000000000107e+01 1.462080361291550901e+01
1.028750000000000142e+01 1.457202880943281009e+01
1.031250000000000178e+01 1.452298038249220902e+01
1.033750000000000213e+01 1.447365430488313187e+01
1.036250000000000071e+01 1.442404645277059672e+01
1.038750000000000107e+01 1.437415260246416615e+01
1.041250000000000142e+01 1.432396842704781648e+01
1.043750000000000178e+01 1.427348949286327695e+01
1.046250000000000213e+01 1.422271125583908891e+01
1.048750000000000071e+01 1.417162905765704828e+01
1.051250000000000107e+01 1.412023812174715864e+01
1.053750000000000142e+01 1.406853354910174581e+01
1.056250000000000178e+01 1.401651031389860869e+01
1.058750000000000213e+01 1.396416325892259458e+01
1.061250000000000071e+01 1.391148709077413059e+01
1.063750000000000107e+01 1.385847637485257344e+01
1.066250000000000142e+01 1.380512553010134447e+01
1.068750000000000178e+01 1.375142882350098006e+01
1.071250000000000213e+01 1.369738036429519568e+01
1.073750000000000071e+01 1.364297409793408811e+01
1.076250000000000107e+01 1.358820379971743009e+01
1.078750000000000142e+01 1.353306306811981585e+01
1.081250000000000178e+01 1.347754531777802001e+01
1.083750000000000213e+01 1.342164377211965487e+01
1.086250000000000071e+01 1.336535145561044935e+01
1.088750000000000107e+01 1.330866118559593403e+01
1.091250000000000142e+01 1.325156556371148753e+01
1.093750000000000178e+01 1.319405696683249296e+01
1.096250000000000213e+01 1.313612753753447748e+01
1.098750000000000071e+01 1.307776917403046291e+01
1.101250000000000107e+01 1.301897351955031645e+01
1.103750000000000142e+01 1.295973195112404497e+01
1.106250000000000178e+01 1.290003556772772697e+01
1.108750000000000213e+01 1.283987517774764164e+01
1.111250000000000071e+01 1.277924128571418905e+01
1.113750000000000107e+01 1.271812407825322566e+01
1.116250000000000142e+01 1.265651340919801626e+01
1.118750000000000178e+01 1.259439878379990141e+01
1.121250000000000213e+01 1.253176934197049874e+01
1.123750000000000071e+01 1.246861384048223975e+01
1.126250000000000107e+01 1.240492063404733791e+01
1.128750000000000142e+01 1.234067765518816451e+01
1.131250000000000178e+01 1.227587239280369147e+01
1.133750000000000213e+01 1.221049186932792452e+01
1.136250000000000071e+01 1.214452261636613351e+01
1.138750000000000107e+01 1.207795064868373736e+01
1.141250000000000142e+01 1.201076143641037142e+01
1.143750000000000178e+01 1.194293987530788925e+01
1.146250000000000213e+01 1.187447025493582942e+01
1.148750000000000071e+01 1.180533622453067721e+01
1.151250000000000107e+01 1.173552075639606684e+01
1.153750000000000142e+01 1.166500610657962689e+01
1.156250000000000178e+01 1.159377377258776320e+01
1.158750000000000213e+01 1.152180444786263536e+01
1.161250000000000071e+01 1.144907797271464212e+01
1.163750000000000107e+01 1.137557328136902868e+01
1.166250000000000142e+01 1.130126834474583930e+01
1.168750000000000178e+01 1.122614010854759314e+01
1.171250000000000213e+01 1.115016442617831771e+01
1.173750000000000071e+01 1.107331598595943412e+01
1.176250000000000107e+01 1.099556823204170719e+01
1.178750000000000142e+01 1.091689327833658751e+01
1.181250000000000178e+01 1.083726181470287031e+01
1.183750000000000213e+01 1.075664300452433153e+01
1.186250000000000071e+01 1.067500437269796798e+01
1.188750000000000107e+01 1.059231168291827885e+01
1.191250000000000142e+01 1.050852880298728209e+01
1.193750000000000178e+01 1.042361755669843149e+01
1.196250000000000213e+01 1.033753756063085483e+01
1.198750000000000249e+01 1.025024604394197425e+01
1.201250000000000107e+01 1.016169764895469640e+01
1.203750000000000142e+01 1.007184420999093000e+01
1.206250000000000178e+01 9.980634507495373953e+00
1.208750000000000213e+01 9.888013994008581165e+00
1.211250000000000249e+01 9.793924487969636772e+00
1.213750000000000107e+01 9.698303830635127909e+00
1.216250000000000142e+01 9.601085500565826436e+00
1.218750000000000178e+01 9.502198179122544275e+00
1.221250000000000213e+01 9.401565259184534895e+00
1.223750000000000249e+01 9.299104287803926283e+00
1.226250000000000107e+01 9.194726331666855046e+00
1.228750000000000142e+01 9.088335251955275140e+00
1.231250000000000178e+01 8.979826872373925184e+00
1.233750000000000213e+01 8.869088020566623598e+00
1.236250000000000249e+01 8.755995418687792409e+00
1.238750000000000107e+01 8.640414393238419422e+00
1.241250000000000142e+01 8.522197367043780503e+00
1.243750000000000178e+01 8.401182086928242754e+00
1.246250000000000213e+01 8.277189528518684725e+00
1.248750000000000249e+01 8.150021403692880639e+00
1.251250000000000107e+01 8.019457175081495137e+00
1.253750000000000142e+01 7.885250453731313058e+00
1.256250000000000178e+01 7.747124617639131294e+00
1.258750000000000213e+01 7.604767436093571753e+00
1.261250000000000249e+01 7.457824411215015381e+00
1.263750000000000107e+01 7.305890444001795991e+00
1.266250000000000142e+01 7.148499282404064736e+00
1.268750000000000178e+01 6.985109989354935323e+00
1.271250000000000213e+01 6.815089340079214963e+00
1.273750000000000249e+01 6.637688554855142087e+00
1.276250000000000107e+01 6.452011982939835910e+00
1.278750000000000142e+01 6.256974074821883391e+00
1.281250000000000178e+01 6.051238842074781132e+00
1.283750000000000213e+01 5.833132289607000587e+00
1.286250000000000249e+01 5.600511556220477694e+00
1.288750000000000107e+01 5.350561570647387910e+00
1.291250000000000142e+01 5.079463632000043916e+00
1.293750000000000178e+01 4.781822019598427786e+00
1.296250000000000213e+01 4.449592489340469470e+00
1.298750000000000249e+01 4.069860798777008348e+00
